9.999999955248753958e-01 9.460575670790055648e-05 0.000000000000000000e+00 -1.156584619669999962e-05 -9.460575670790055648e-05 9.999999955248753958e-01 0.000000000000000000e+00 -2.439287635380000180e-07 0.000000000000000000e+00 0.000000000000000000e+00 1.000000000000000000e+00 0.000000000000000000e+00
9.999999955083478387e-01 9.478029443668530311e-05 0.000000000000000000e+00 -1.157527513249999926e-05 -9.478029443668530311e-05 9.999999955083478387e-01 0.000000000000000000e+00 -2.394185707880000017e-07 0.000000000000000000e+00 0.000000000000000000e+00 1.000000000000000000e+00 0.000000000000000000e+00
9.999999954898943777e-01 9.497479230816115268e-05 0.000000000000000000e+00 -1.158578241360000060e-05 -9.497479230816115268e-05 9.999999954898943777e-01 0.000000000000000000e+00 -2.414775614080000038e-07 0.000000000000000000e+00 0.000000000000000000e+00 1.000000000000000000e+00 0.000000000000000000e+00
9.999999954670742985e-01 9.521476414246862090e-05 0.000000000000000000e+00 -1.159874654330000083e-05 -9.521476414246862090e-05 9.999999954670742985e-01 0.000000000000000000e+00 -2.563655652130000048e-07 0.000000000000000000e+00 0.000000000000000000e+00 1.000000000000000000e+00 0.000000000000000000e+00
9.999999954489845466e-01 9.540456386860944810e-05 0.000000000000000000e+00 -1.160899998419999982e-05 -9.540456386860944810e-05 9.999999954489845466e-01 0.000000000000000000e+00 -2.543894547459999904e-07 0.000000000000000000e+00 0.000000000000000000e+00 1.000000000000000000e+00 0.000000000000000000e+00
9.999999954309963801e-01 9.559292453134068783e-05 0.000000000000000000e+00 -1.161917576579999947e-05 -9.559292453134068783e-05 9.999999954309963801e-01 0.000000000000000000e+00 -2.564472802800000053e-07 0.000000000000000000e+00 0.000000000000000000e+00 1.000000000000000000e+00 0.000000000000000000e+00
9.999999954236068467e-01 9.567019591096724204e-05 0.000000000000000000e+00 -1.162334993839999929e-05 -9.567019591096724204e-05 9.999999954236068467e-01 0.000000000000000000e+00 -2.415260397989999827e-07 0.000000000000000000e+00 0.000000000000000000e+00 1.000000000000000000e+00 0.000000000000000000e+00
9.999999954013134573e-01 9.590293572744500920e-05 0.000000000000000000e+00 -1.163592324270000082e-05 -9.590293572744500920e-05 9.999999954013134573e-01 0.000000000000000000e+00 -2.496496745250000179e-07 0.000000000000000000e+00 0.000000000000000000e+00 1.000000000000000000e+00 0.000000000000000000e+00
9.999999953792293450e-01 9.613293544297806339e-05 0.000000000000000000e+00 -1.164834865870000077e-05 -9.613293544297806339e-05 9.999999953792293450e-01 0.000000000000000000e+00 -2.603645666770000065e-07 0.000000000000000000e+00 0.000000000000000000e+00 1.000000000000000000e+00 0.000000000000000000e+00
9.999999953653901930e-01 9.627678579795885864e-05 0.000000000000000000e+00 -1.165611963490000041e-05 -9.627678579795885864e-05 9.999999953653901930e-01 0.000000000000000000e+00 -2.519867672030000157e-07 0.000000000000000000e+00 0.000000000000000000e+00 1.000000000000000000e+00 0.000000000000000000e+00
9.999999953436187194e-01 9.650265540667804520e-05 0.000000000000000000e+00 -1.166832200940000057e-05 -9.650265540667804520e-05 9.999999953436187194e-01 0.000000000000000000e+00 -2.630826363069999751e-07 0.000000000000000000e+00 0.000000000000000000e+00 1.000000000000000000e+00 0.000000000000000000e+00
9.999999953290309440e-01 9.665370142862217341e-05 0.000000000000000000e+00 -1.167648193149999987e-05 -9.665370142862217341e-05 9.999999953290309440e-01 0.000000000000000000e+00 -2.624735155830000052e-07 0.000000000000000000e+00 0.000000000000000000e+00 1.000000000000000000e+00 0.000000000000000000e+00
9.999999953100436878e-01 9.684994849800369768e-05 0.000000000000000000e+00 -1.168708379630000083e-05 -9.684994849800369768e-05 9.999999953100436878e-01 0.000000000000000000e+00 -2.616642658790000118e-07 0.000000000000000000e+00 0.000000000000000000e+00 1.000000000000000000e+00 0.000000000000000000e+00
9.999999952842580919e-01 9.711582658514762646e-05 0.000000000000000000e+00 -1.170144700429999973e-05 -9.711582658514762646e-05 9.999999952842580919e-01 0.000000000000000000e+00 -2.471537531359999754e-07 0.000000000000000000e+00 0.000000000000000000e+00 1.000000000000000000e+00 0.000000000000000000e+00
9.999999952615189480e-01 9.734968921465597441e-05 0.000000000000000000e+00 -1.171408123900000045e-05 -9.734968921465597441e-05 9.999999952615189480e-01 0.000000000000000000e+00 -2.624628090490000167e-07 0.000000000000000000e+00 0.000000000000000000e+00 1.000000000000000000e+00 0.000000000000000000e+00
9.999999952373169743e-01 9.759798209212994452e-05 0.000000000000000000e+00 -1.172749482980000032e-05 -9.759798209212994452e-05 9.999999952373169743e-01 0.000000000000000000e+00 -2.713970479959999865e-07 0.000000000000000000e+00 0.000000000000000000e+00 1.000000000000000000e+00 0.000000000000000000e+00
9.999999952245690604e-01 9.772851068529842162e-05 0.000000000000000000e+00 -1.173454632949999918e-05 -9.772851068529842162e-05 9.999999952245690604e-01 0.000000000000000000e+00 -2.624935592539999911e-07 0.000000000000000000e+00 0.000000000000000000e+00 1.000000000000000000e+00 0.000000000000000000e+00
9.999999951988294278e-01 9.799153565914310376e-05 0.000000000000000000e+00 -1.174875549960000055e-05 -9.799153565914310376e-05 9.999999951988294278e-01 0.000000000000000000e+00 -2.387108678579999790e-07 0.000000000000000000e+00 0.000000000000000000e+00 1.000000000000000000e+00 0.000000000000000000e+00
9.999999951788633989e-01 9.819507714846394532e-05 0.000000000000000000e+00 -1.175975148610000074e-05 -9.819507714846394532e-05 9.999999951788633989e-01 0.000000000000000000e+00 -2.514626747759999853e-07 0.000000000000000000e+00 0.000000000000000000e+00 1.000000000000000000e+00 0.000000000000000000e+00
9.999999951567872802e-01 9.841963909555971135e-05 0.000000000000000000e+00 -1.177188328129999929e-05 -9.841963909555971135e-05 9.999999951567872802e-01 0.000000000000000000e+00 -2.632332667619999954e-07 0.000000000000000000e+00 0.000000000000000000e+00 1.000000000000000000e+00 0.000000000000000000e+00
9.999999951476359339e-01 9.851257866893561258e-05 0.000000000000000000e+00 -1.177690393449999924e-05 -9.851257866893561258e-05 9.999999951476359339e-01 0.000000000000000000e+00 -2.514882440500000043e-07 0.000000000000000000e+00 0.000000000000000000e+00 1.000000000000000000e+00 0.000000000000000000e+00
9.999999951174493029e-01 9.881852758513236213e-05 0.000000000000000000e+00 -1.179343257459999942e-05 -9.881852758513236213e-05 9.999999951174493029e-01 0.000000000000000000e+00 -2.714922964450000037e-07 0.000000000000000000e+00 0.000000000000000000e+00 1.000000000000000000e+00 0.000000000000000000e+00
9.999999951102445106e-01 9.889140971353840447e-05 0.000000000000000000e+00 -1.179736962680000022e-05 -9.889140971353840447e-05 9.999999951102445106e-01 0.000000000000000000e+00 -2.515195517419999924e-07 0.000000000000000000e+00 0.000000000000000000e+00 1.000000000000000000e+00 0.000000000000000000e+00
9.999999950784840275e-01 9.921205542105828432e-05 0.000000000000000000e+00 -1.181469194669999983e-05 -9.921205542105828432e-05 9.999999950784840275e-01 0.000000000000000000e+00 -2.388051799780000044e-07 0.000000000000000000e+00 0.000000000000000000e+00 1.000000000000000000e+00 0.000000000000000000e+00
9.999999950506770485e-01 9.949193931716957819e-05 0.000000000000000000e+00 -1.182981249119999920e-05 -9.949193931716957819e-05 9.999999950506770485e-01 0.000000000000000000e+00 -2.627146867879999979e-07 0.000000000000000000e+00 0.000000000000000000e+00 1.000000000000000000e+00 0.000000000000000000e+00
9.999999950411526672e-01 9.958762338743495511e-05 0.000000000000000000e+00 -1.183498143770000040e-05 -9.958762338743495511e-05 9.999999950411526672e-01 0.000000000000000000e+00 -2.515721574949999777e-07 0.000000000000000000e+00 0.000000000000000000e+00 1.000000000000000000e+00 0.000000000000000000e+00
9.999999950165008311e-01 9.983485575149323354e-05 0.000000000000000000e+00 -1.184833794490000059e-05 -9.983485575149323354e-05 9.999999950165008311e-01 0.000000000000000000e+00 -2.552616859220000170e-07 0.000000000000000000e+00 0.000000000000000000e+00 1.000000000000000000e+00 0.000000000000000000e+00
9.999999950041551511e-01 9.995844020997943821e-05 0.000000000000000000e+00 -1.185501426300000060e-05 -9.995844020997943821e-05 9.999999950041551511e-01 0.000000000000000000e+00 -2.516934033829999847e-07 0.000000000000000000e+00 0.000000000000000000e+00 1.000000000000000000e+00 0.000000000000000000e+00
9.999999949805123967e-01 1.001946863074625174e-04 0.000000000000000000e+00 -1.186777740880000007e-05 -1.001946863074625174e-04 9.999999949805123967e-01 0.000000000000000000e+00 -2.675350998049999778e-07 0.000000000000000000e+00 0.000000000000000000e+00 1.000000000000000000e+00 0.000000000000000000e+00
9.999999949666018573e-01 1.003334256250457634e-04 0.000000000000000000e+00 -1.187527253029999930e-05 -1.003334256250457634e-04 9.999999949666018573e-01 0.000000000000000000e+00 -2.627624620200000252e-07 0.000000000000000000e+00 0.000000000000000000e+00 1.000000000000000000e+00 0.000000000000000000e+00
9.999999949343109096e-01 1.006547470857797302e-04 0.000000000000000000e+00 -1.189263125249999988e-05 -1.006547470857797302e-04 9.999999949343109096e-01 0.000000000000000000e+00 -2.517644687059999836e-07 0.000000000000000000e+00 0.000000000000000000e+00 1.000000000000000000e+00 0.000000000000000000e+00
9.999999949188792536e-01 1.008079431777094082e-04 0.000000000000000000e+00 -1.190090745580000006e-05 -1.008079431777094082e-04 9.999999949188792536e-01 0.000000000000000000e+00 -2.516675594429999941e-07 0.000000000000000000e+00 0.000000000000000000e+00 1.000000000000000000e+00 0.000000000000000000e+00
9.999999949014065637e-01 1.009811209667860275e-04 0.000000000000000000e+00 -1.191026311009999937e-05 -1.009811209667860275e-04 9.999999949014065637e-01 0.000000000000000000e+00 -2.411414076879999927e-07 0.000000000000000000e+00 0.000000000000000000e+00 1.000000000000000000e+00 0.000000000000000000e+00
9.999999948722392284e-01 1.012695488671644145e-04 0.000000000000000000e+00 -1.192584541940000022e-05 -1.012695488671644145e-04 9.999999948722392284e-01 0.000000000000000000e+00 -2.678034475770000211e-07 0.000000000000000000e+00 0.000000000000000000e+00 1.000000000000000000e+00 0.000000000000000000e+00
9.999999948383652137e-01 1.016034913870876322e-04 0.000000000000000000e+00 -1.194388621950000036e-05 -1.016034913870876322e-04 9.999999948383652137e-01 0.000000000000000000e+00 -2.620417604770000011e-07 0.000000000000000000e+00 0.000000000000000000e+00 1.000000000000000000e+00 0.000000000000000000e+00
9.999999948648605752e-01 1.013423837250553315e-04 0.000000000000000000e+00 1.402957692129999884e-04 -1.013423837250553315e-04 9.999999948648605752e-01 0.000000000000000000e+00 -2.119090632060000129e-07 0.000000000000000000e+00 0.000000000000000000e+00 1.000000000000000000e+00 0.000000000000000000e+00
9.999999948576182573e-01 1.014138231389834200e-04 0.000000000000000000e+00 4.673705642599999908e-04 -1.014138231389834200e-04 9.999999948576182573e-01 0.000000000000000000e+00 -2.331702639070000118e-07 0.000000000000000000e+00 0.000000000000000000e+00 1.000000000000000000e+00 0.000000000000000000e+00
9.999999948453830445e-01 1.015343980733527713e-04 0.000000000000000000e+00 7.960194230420000001e-04 -1.015343980733527713e-04 9.999999948453830445e-01 0.000000000000000000e+00 -2.563198570000000189e-07 0.000000000000000000e+00 0.000000000000000000e+00 1.000000000000000000e+00 0.000000000000000000e+00
9.999999948267281891e-01 1.017179613826413445e-04 0.000000000000000000e+00 1.124661684979999911e-03 -1.017179613826413445e-04 9.999999948267281891e-01 0.000000000000000000e+00 -2.915630326669999972e-07 0.000000000000000000e+00 0.000000000000000000e+00 1.000000000000000000e+00 0.000000000000000000e+00
9.999999948607918299e-01 1.013825242432179411e-04 0.000000000000000000e+00 1.621722843520000080e-03 -1.013825242432179411e-04 9.999999948607918299e-01 0.000000000000000000e+00 -2.271566600609999889e-07 0.000000000000000000e+00 0.000000000000000000e+00 1.000000000000000000e+00 0.000000000000000000e+00
9.999999948332706223e-01 1.016536208487962665e-04 0.000000000000000000e+00 2.129235200579999814e-03 -1.016536208487962665e-04 9.999999948332706223e-01 0.000000000000000000e+00 -2.792087031499999829e-07 0.000000000000000000e+00 0.000000000000000000e+00 1.000000000000000000e+00 0.000000000000000000e+00
9.999999947500138875e-01 1.024693717992811387e-04 0.000000000000000000e+00 3.126340929010000026e-03 -1.024693717992811387e-04 9.999999947500138875e-01 0.000000000000000000e+00 -4.351983358480000219e-07 0.000000000000000000e+00 0.000000000000000000e+00 1.000000000000000000e+00 0.000000000000000000e+00
9.999999946850784971e-01 1.031011297833142777e-04 0.000000000000000000e+00 4.774865956569999959e-03 -1.031011297833142777e-04 9.999999946850784971e-01 0.000000000000000000e+00 -5.564991700579999925e-07 0.000000000000000000e+00 0.000000000000000000e+00 1.000000000000000000e+00 0.000000000000000000e+00
9.999999945897014575e-01 1.040220991661460804e-04 0.000000000000000000e+00 6.576912292449999843e-03 -1.040220991661460804e-04 9.999999945897014575e-01 0.000000000000000000e+00 -7.333307071059999660e-07 0.000000000000000000e+00 0.000000000000000000e+00 1.000000000000000000e+00 0.000000000000000000e+00
9.999999944811295283e-01 1.050606534266959439e-04 0.000000000000000000e+00 8.543880664500000388e-03 -1.050606534266959439e-04 9.999999944811295283e-01 0.000000000000000000e+00 -9.327393496680000341e-07 0.000000000000000000e+00 0.000000000000000000e+00 1.000000000000000000e+00 0.000000000000000000e+00
9.999999944601658530e-01 1.052600029371470044e-04 0.000000000000000000e+00 1.029370209199999969e-02 -1.052600029371470044e-04 9.999999944601658530e-01 0.000000000000000000e+00 -1.082807548989999925e-06 0.000000000000000000e+00 0.000000000000000000e+00 1.000000000000000000e+00 0.000000000000000000e+00
9.999999942513779772e-01 1.072252026848666430e-04 0.000000000000000000e+00 1.242585588750000011e-02 -1.072252026848666430e-04 9.999999942513779772e-01 0.000000000000000000e+00 -1.460138979129999916e-06 0.000000000000000000e+00 0.000000000000000000e+00 1.000000000000000000e+00 0.000000000000000000e+00
9.999999941062192033e-01 1.085705370165812811e-04 0.000000000000000000e+00 1.517678081169999971e-02 -1.085705370165812811e-04 9.999999941062192033e-01 0.000000000000000000e+00 -1.718451467400000047e-06 0.000000000000000000e+00 0.000000000000000000e+00 1.000000000000000000e+00 0.000000000000000000e+00
9.999999939206543065e-01 1.102664556555122408e-04 0.000000000000000000e+00 1.822252686349999998e-02 -1.102664556555122408e-04 9.999999939206543065e-01 0.000000000000000000e+00 -2.044085074189999979e-06 0.000000000000000000e+00 0.000000000000000000e+00 1.000000000000000000e+00 0.000000000000000000e+00
9.999999937444815634e-01 1.118527464746941769e-04 0.000000000000000000e+00 2.119106714580000148e-02 -1.118527464746941769e-04 9.999999937444815634e-01 0.000000000000000000e+00 -2.348661603199999944e-06 0.000000000000000000e+00 0.000000000000000000e+00 1.000000000000000000e+00 0.000000000000000000e+00
9.999999937759224133e-01 1.115713008878390782e-04 0.000000000000000000e+00 2.416208445370000152e-02 -1.115713008878390782e-04 9.999999937759224133e-01 0.000000000000000000e+00 -2.654437584819999800e-06 0.000000000000000000e+00 0.000000000000000000e+00 1.000000000000000000e+00 0.000000000000000000e+00
9.999999933707292010e-01 1.151457407990243468e-04 0.000000000000000000e+00 2.761849045090000038e-02 -1.151457407990243468e-04 9.999999933707292010e-01 0.000000000000000000e+00 -3.340753360850000169e-06 0.000000000000000000e+00 0.000000000000000000e+00 1.000000000000000000e+00 0.000000000000000000e+00
9.999999931427573374e-01 1.171088610596690728e-04 0.000000000000000000e+00 3.139451499839999993e-02 -1.171088610596690728e-04 9.999999931427573374e-01 0.000000000000000000e+00 -3.717679588190000147e-06 0.000000000000000000e+00 0.000000000000000000e+00 1.000000000000000000e+00 0.000000000000000000e+00
9.999999928383382919e-01 1.196800878887552803e-04 0.000000000000000000e+00 3.533177201269999818e-02 -1.196800878887552803e-04 9.999999928383382919e-01 0.000000000000000000e+00 -4.211369693710000058e-06 0.000000000000000000e+00 0.000000000000000000e+00 1.000000000000000000e+00 0.000000000000000000e+00
9.999999925294006387e-01 1.222341962880663763e-04 0.000000000000000000e+00 3.941078793140000147e-02 -1.222341962880663763e-04 9.999999925294006387e-01 0.000000000000000000e+00 -4.701771153450000118e-06 0.000000000000000000e+00 0.000000000000000000e+00 1.000000000000000000e+00 0.000000000000000000e+00
9.999999921370750222e-01 1.254027507137346555e-04 0.000000000000000000e+00 4.349314547299999723e-02 -1.254027507137346555e-04 9.999999921370750222e-01 0.000000000000000000e+00 -5.310165170710000028e-06 0.000000000000000000e+00 0.000000000000000000e+00 1.000000000000000000e+00 0.000000000000000000e+00
9.999999914847904625e-01 1.305006475921952015e-04 0.000000000000000000e+00 4.769840599880000032e-02 -1.305006475921952015e-04 9.999999914847904625e-01 0.000000000000000000e+00 -6.289018691830000371e-06 0.000000000000000000e+00 0.000000000000000000e+00 1.000000000000000000e+00 0.000000000000000000e+00
9.999999864817360473e-01 1.644278803282000969e-04 0.000000000000000000e+00 5.208587528309999853e-02 -1.644278803282000969e-04 9.999999864817360473e-01 0.000000000000000000e+00 -1.280343883410000001e-05 0.000000000000000000e+00 0.000000000000000000e+00 1.000000000000000000e+00 0.000000000000000000e+00
9.999999840409300456e-01 1.786564850820995343e-04 0.000000000000000000e+00 5.627169123930000211e-02 -1.786564850820995343e-04 9.999999840409300456e-01 0.000000000000000000e+00 -1.553550596330000074e-05 0.000000000000000000e+00 0.000000000000000000e+00 1.000000000000000000e+00 0.000000000000000000e+00
9.999999857780231816e-01 1.686533531659873937e-04 0.000000000000000000e+00 6.045834725339999799e-02 -1.686533531659873937e-04 9.999999857780231816e-01 0.000000000000000000e+00 -1.359967477249999928e-05 0.000000000000000000e+00 0.000000000000000000e+00 1.000000000000000000e+00 0.000000000000000000e+00
9.999999859976045347e-01 1.673463198363145713e-04 0.000000000000000000e+00 6.504562142189999896e-02 -1.673463198363145713e-04 9.999999859976045347e-01 0.000000000000000000e+00 -1.334870237319999953e-05 0.000000000000000000e+00 0.000000000000000000e+00 1.000000000000000000e+00 0.000000000000000000e+00
9.999999854569049385e-01 1.705467384392430111e-04 0.000000000000000000e+00 6.987739609210000258e-02 -1.705467384392430111e-04 9.999999854569049385e-01 0.000000000000000000e+00 -1.396322283270000011e-05 0.000000000000000000e+00 0.000000000000000000e+00 1.000000000000000000e+00 0.000000000000000000e+00
9.999999847541564124e-01 1.746186900410549771e-04 0.000000000000000000e+00 7.506131736380000641e-02 -1.746186900410549771e-04 9.999999847541564124e-01 0.000000000000000000e+00 -1.474509513780000071e-05 0.000000000000000000e+00 0.000000000000000000e+00 1.000000000000000000e+00 0.000000000000000000e+00
9.999999841225589714e-01 1.781989952546548844e-04 0.000000000000000000e+00 8.076263427230000180e-02 -1.781989952546548844e-04 9.999999841225589714e-01 0.000000000000000000e+00 -1.568287891010000003e-05 0.000000000000000000e+00 0.000000000000000000e+00 1.000000000000000000e+00 0.000000000000000000e+00
9.999999832774096875e-01 1.828802347457300539e-04 0.000000000000000000e+00 8.677948507490000629e-02 -1.828802347457300539e-04 9.999999832774096875e-01 0.000000000000000000e+00 -1.658174222139999833e-05 0.000000000000000000e+00 0.000000000000000000e+00 1.000000000000000000e+00 0.000000000000000000e+00
9.999999821866315530e-01 1.887504614177708609e-04 0.000000000000000000e+00 9.365752956900000314e-02 -1.887504614177708609e-04 9.999999821866315530e-01 0.000000000000000000e+00 -1.770890492050000104e-05 0.000000000000000000e+00 0.000000000000000000e+00 1.000000000000000000e+00 0.000000000000000000e+00
9.999999808304256277e-01 1.958038520141315109e-04 0.000000000000000000e+00 1.016974782339999939e-01 -1.958038520141315109e-04 9.999999808304256277e-01 0.000000000000000000e+00 -1.915084385329999899e-05 0.000000000000000000e+00 0.000000000000000000e+00 1.000000000000000000e+00 0.000000000000000000e+00
9.999999798569914056e-01 2.007137681835532679e-04 0.000000000000000000e+00 1.101598972199999971e-01 -2.007137681835532679e-04 9.999999798569914056e-01 0.000000000000000000e+00 -2.079639131849999901e-05 0.000000000000000000e+00 0.000000000000000000e+00 1.000000000000000000e+00 0.000000000000000000e+00
9.999999795225161803e-01 2.023733363380817568e-04 0.000000000000000000e+00 1.187384177659999984e-01 -2.023733363380817568e-04 9.999999795225161803e-01 0.000000000000000000e+00 -2.249066467180000053e-05 0.000000000000000000e+00 0.000000000000000000e+00 1.000000000000000000e+00 0.000000000000000000e+00
9.999999790108966558e-01 2.048858372995623672e-04 0.000000000000000000e+00 1.275769791730000102e-01 -2.048858372995623672e-04 9.999999790108966558e-01 0.000000000000000000e+00 -2.425217334579999874e-05 0.000000000000000000e+00 0.000000000000000000e+00 1.000000000000000000e+00 0.000000000000000000e+00
9.999999778415507024e-01 2.105157905261885768e-04 0.000000000000000000e+00 1.361558463699999999e-01 -2.105157905261885768e-04 9.999999778415507024e-01 0.000000000000000000e+00 -2.600944254860000101e-05 0.000000000000000000e+00 0.000000000000000000e+00 1.000000000000000000e+00 0.000000000000000000e+00
9.999999757560052993e-01 2.201998839349233279e-04 0.000000000000000000e+00 1.447347015840000084e-01 -2.201998839349233279e-04 9.999999757560052993e-01 0.000000000000000000e+00 -2.786888423210000037e-05 0.000000000000000000e+00 0.000000000000000000e+00 1.000000000000000000e+00 0.000000000000000000e+00
9.999999730266336817e-01 2.322643577335339144e-04 0.000000000000000000e+00 1.535643402619999986e-01 -2.322643577335339144e-04 9.999999730266336817e-01 0.000000000000000000e+00 -3.018544717770000010e-05 0.000000000000000000e+00 0.000000000000000000e+00 1.000000000000000000e+00 0.000000000000000000e+00
9.999999707632699630e-01 2.418128598479572073e-04 0.000000000000000000e+00 1.621300035400000117e-01 -2.418128598479572073e-04 9.999999707632699630e-01 0.000000000000000000e+00 -3.201897378049999905e-05 0.000000000000000000e+00 0.000000000000000000e+00 1.000000000000000000e+00 0.000000000000000000e+00
9.999999682794102895e-01 2.518753231294133463e-04 0.000000000000000000e+00 1.707092735169999931e-01 -2.518753231294133463e-04 9.999999682794102895e-01 0.000000000000000000e+00 -3.408857810460000110e-05 0.000000000000000000e+00 0.000000000000000000e+00 1.000000000000000000e+00 0.000000000000000000e+00
9.999999667270732528e-01 2.579648277618304462e-04 0.000000000000000000e+00 1.795487969060000077e-01 -2.579648277618304462e-04 9.999999667270732528e-01 0.000000000000000000e+00 -3.636895240909999890e-05 0.000000000000000000e+00 0.000000000000000000e+00 1.000000000000000000e+00 0.000000000000000000e+00
9.999999659496635607e-01 2.609610538360773442e-04 0.000000000000000000e+00 1.881278501870000119e-01 -2.609610538360773442e-04 9.999999659496635607e-01 0.000000000000000000e+00 -3.859261129069999703e-05 0.000000000000000000e+00 0.000000000000000000e+00 1.000000000000000000e+00 0.000000000000000000e+00
9.999999658848616191e-01 2.612092564303376699e-04 0.000000000000000000e+00 1.967066460490000113e-01 -2.612092564303376699e-04 9.999999658848616191e-01 0.000000000000000000e+00 -4.084070169140000076e-05 0.000000000000000000e+00 0.000000000000000000e+00 1.000000000000000000e+00 0.000000000000000000e+00
9.999999658279149495e-01 2.614271770063346140e-04 0.000000000000000000e+00 2.055452572170000103e-01 -2.614271770063346140e-04 9.999999658279149495e-01 0.000000000000000000e+00 -4.313001861620000075e-05 0.000000000000000000e+00 0.000000000000000000e+00 1.000000000000000000e+00 0.000000000000000000e+00
9.999999657668789954e-01 2.616605448853705326e-04 0.000000000000000000e+00 2.141238213839999904e-01 -2.616605448853705326e-04 9.999999657668789954e-01 0.000000000000000000e+00 -4.533956897869999850e-05 0.000000000000000000e+00 0.000000000000000000e+00 1.000000000000000000e+00 0.000000000000000000e+00
9.999999657581523094e-01 2.616938940037665949e-04 0.000000000000000000e+00 2.227023510220000058e-01 -2.616938940037665949e-04 9.999999657581523094e-01 0.000000000000000000e+00 -4.753160979609999761e-05 0.000000000000000000e+00 0.000000000000000000e+00 1.000000000000000000e+00 0.000000000000000000e+00
9.999999656630773615e-01 2.620569483694373835e-04 0.000000000000000000e+00 2.315408788109999949e-01 -2.620569483694373835e-04 9.999999656630773615e-01 0.000000000000000000e+00 -4.979244366000000076e-05 0.000000000000000000e+00 0.000000000000000000e+00 1.000000000000000000e+00 0.000000000000000000e+00
9.999999644625932049e-01 2.665985978438070096e-04 0.000000000000000000e+00 2.401197023009999931e-01 -2.665985978438070096e-04 9.999999644625932049e-01 0.000000000000000000e+00 -5.208363032189999696e-05 0.000000000000000000e+00 0.000000000000000000e+00 1.000000000000000000e+00 0.000000000000000000e+00
9.999999611274891231e-01 2.788279400675149804e-04 0.000000000000000000e+00 2.486985206710000118e-01 -2.788279400675149804e-04 9.999999611274891231e-01 0.000000000000000000e+00 -5.443184735780000322e-05 0.000000000000000000e+00 0.000000000000000000e+00 1.000000000000000000e+00 0.000000000000000000e+00
9.999999568970511232e-01 2.936084058836970390e-04 0.000000000000000000e+00 2.575274122949999800e-01 -2.936084058836970390e-04 9.999999568970511232e-01 0.000000000000000000e+00 -5.726999318390000053e-05 0.000000000000000000e+00 0.000000000000000000e+00 1.000000000000000000e+00 0.000000000000000000e+00
9.999999531809621311e-01 3.060033882892776880e-04 0.000000000000000000e+00 2.660938550379999823e-01 -3.060033882892776880e-04 9.999999531809621311e-01 0.000000000000000000e+00 -5.965014935820000196e-05 0.000000000000000000e+00 0.000000000000000000e+00 1.000000000000000000e+00 0.000000000000000000e+00
9.999999501706803295e-01 3.156875621011441557e-04 0.000000000000000000e+00 2.746732323020000255e-01 -3.156875621011441557e-04 9.999999501706803295e-01 0.000000000000000000e+00 -6.226249912119999916e-05 0.000000000000000000e+00 0.000000000000000000e+00 1.000000000000000000e+00 0.000000000000000000e+00
9.999999501004296354e-01 3.159100160248496086e-04 0.000000000000000000e+00 2.835128501909999765e-01 -3.159100160248496086e-04 9.999999501004296354e-01 0.000000000000000000e+00 -6.507872745150000075e-05 0.000000000000000000e+00 0.000000000000000000e+00 1.000000000000000000e+00 0.000000000000000000e+00
9.999999501610995489e-01 3.157179094291346190e-04 0.000000000000000000e+00 2.920919308989999852e-01 -3.157179094291346190e-04 9.999999501610995489e-01 0.000000000000000000e+00 -6.780074930829999968e-05 0.000000000000000000e+00 0.000000000000000000e+00 1.000000000000000000e+00 0.000000000000000000e+00
9.999999502424413711e-01 3.154601636040477814e-04 0.000000000000000000e+00 3.006707487029999792e-01 -3.154601636040477814e-04 9.999999502424413711e-01 0.000000000000000000e+00 -7.051277699889999960e-05 0.000000000000000000e+00 0.000000000000000000e+00 1.000000000000000000e+00 0.000000000000000000e+00
9.999999503527241540e-01 3.151103761122951274e-04 0.000000000000000000e+00 3.095093894929999978e-01 -3.151103761122951274e-04 9.999999503527241540e-01 0.000000000000000000e+00 -7.327936216809999488e-05 0.000000000000000000e+00 0.000000000000000000e+00 1.000000000000000000e+00 0.000000000000000000e+00
9.999999505096793806e-01 3.146118858128878985e-04 0.000000000000000000e+00 3.180879890700000212e-01 -3.146118858128878985e-04 9.999999505096793806e-01 0.000000000000000000e+00 -7.593626124580000309e-05 0.000000000000000000e+00 0.000000000000000000e+00 1.000000000000000000e+00 0.000000000000000000e+00
9.999999503797410982e-01 3.150246267377704713e-04 0.000000000000000000e+00 3.266664864039999783e-01 -3.150246267377704713e-04 9.999999503797410982e-01 0.000000000000000000e+00 -7.854283773289999840e-05 0.000000000000000000e+00 0.000000000000000000e+00 1.000000000000000000e+00 0.000000000000000000e+00
9.999999500049221446e-01 3.162121965132269836e-04 0.000000000000000000e+00 3.355049749519999902e-01 -3.162121965132269836e-04 9.999999500049221446e-01 0.000000000000000000e+00 -8.128600455360000397e-05 0.000000000000000000e+00 0.000000000000000000e+00 1.000000000000000000e+00 0.000000000000000000e+00
9.999999487929999153e-01 3.200218703584937498e-04 0.000000000000000000e+00 3.440837319589999943e-01 -3.200218703584937498e-04 9.999999487929999153e-01 0.000000000000000000e+00 -8.399258225850000535e-05 0.000000000000000000e+00 0.000000000000000000e+00 1.000000000000000000e+00 0.000000000000000000e+00
9.999999442857359089e-01 3.338091147942006905e-04 0.000000000000000000e+00 3.526625390040000196e-01 -3.338091147942006905e-04 9.999999442857359089e-01 0.000000000000000000e+00 -8.690624349159999508e-05 0.000000000000000000e+00 0.000000000000000000e+00 1.000000000000000000e+00 0.000000000000000000e+00
9.999999383696763777e-01 3.510849517713878192e-04 0.000000000000000000e+00 3.614907017369999864e-01 -3.510849517713878192e-04 9.999999383696763777e-01 0.000000000000000000e+00 -9.022362651889999905e-05 0.000000000000000000e+00 0.000000000000000000e+00 1.000000000000000000e+00 0.000000000000000000e+00
9.999999329711325435e-01 3.661389494665078675e-04 0.000000000000000000e+00 3.700579611240000233e-01 -3.661389494665078675e-04 9.999999329711325435e-01 0.000000000000000000e+00 -9.311444199489999328e-05 0.000000000000000000e+00 0.000000000000000000e+00 1.000000000000000000e+00 0.000000000000000000e+00
9.999999302096224119e-01 3.736050726499828703e-04 0.000000000000000000e+00 3.786374545449999740e-01 -3.736050726499828703e-04 9.999999302096224119e-01 0.000000000000000000e+00 -9.623656306659999658e-05 0.000000000000000000e+00 0.000000000000000000e+00 1.000000000000000000e+00 0.000000000000000000e+00
9.999999302133083523e-01 3.735952066325318351e-04 0.000000000000000000e+00 3.874770410939999965e-01 -3.735952066325318351e-04 9.999999302133083523e-01 0.000000000000000000e+00 -9.956566596640000020e-05 0.000000000000000000e+00 0.000000000000000000e+00 1.000000000000000000e+00 0.000000000000000000e+00
9.999999302800943735e-01 3.734163982478227442e-04 0.000000000000000000e+00 3.960561063920000069e-01 -3.734163982478227442e-04 9.999999302800943735e-01 0.000000000000000000e+00 -1.027804941140000026e-04 0.000000000000000000e+00 0.000000000000000000e+00 1.000000000000000000e+00 0.000000000000000000e+00
9.999999303550550778e-01 3.732156013008907356e-04 0.000000000000000000e+00 4.046349174269999738e-01 -3.732156013008907356e-04 9.999999303550550778e-01 0.000000000000000000e+00 -1.059851115349999952e-04 0.000000000000000000e+00 0.000000000000000000e+00 1.000000000000000000e+00 0.000000000000000000e+00
9.999999304460754912e-01 3.729716398477796223e-04 0.000000000000000000e+00 4.134735536859999727e-01 -3.729716398477796223e-04 9.999999304460754912e-01 0.000000000000000000e+00 -1.092606009600000056e-04 0.000000000000000000e+00 0.000000000000000000e+00 1.000000000000000000e+00 0.000000000000000000e+00
9.999999304404960654e-01 3.729865989869635004e-04 0.000000000000000000e+00 4.220521045780000202e-01 -3.729865989869635004e-04 9.999999304404960654e-01 0.000000000000000000e+00 -1.123692096360000004e-04 0.000000000000000000e+00 0.000000000000000000e+00 1.000000000000000000e+00 0.000000000000000000e+00
9.999999302035856852e-01 3.736212302822422560e-04 0.000000000000000000e+00 4.306306150670000110e-01 -3.736212302822422560e-04 9.999999302035856852e-01 0.000000000000000000e+00 -1.155281946059999980e-04 0.000000000000000000e+00 0.000000000000000000e+00 1.000000000000000000e+00 0.000000000000000000e+00
9.999999296617133604e-01 3.750687514870093878e-04 0.000000000000000000e+00 4.394691034659999884e-01 -3.750687514870093878e-04 9.999999296617133604e-01 0.000000000000000000e+00 -1.187922192349999970e-04 0.000000000000000000e+00 0.000000000000000000e+00 1.000000000000000000e+00 0.000000000000000000e+00
9.975694233529400767e-01 -6.967959235875798019e-02 0.000000000000000000e+00 5.432474174489999585e-01 6.967959235875798019e-02 9.975694233529400767e-01 0.000000000000000000e+00 1.817245062969999976e-03 0.000000000000000000e+00 0.000000000000000000e+00 1.000000000000000000e+00 0.000000000000000000e+00
9.946814233666665395e-01 -1.029993495574718088e-01 0.000000000000000000e+00 5.602655484599999847e-01 1.029993495574718088e-01 9.946814233666665395e-01 0.000000000000000000e+00 3.293983499399999980e-03 0.000000000000000000e+00 0.000000000000000000e+00 1.000000000000000000e+00 0.000000000000000000e+00
9.923890170180680315e-01 -1.231423521860481041e-01 0.000000000000000000e+00 5.690005265940000223e-01 1.231423521860481041e-01 9.923890170180680315e-01 0.000000000000000000e+00 4.286467516870000327e-03 0.000000000000000000e+00 0.000000000000000000e+00 1.000000000000000000e+00 0.000000000000000000e+00
9.892832596425032987e-01 -1.460090140748286081e-01 0.000000000000000000e+00 5.774980919209999897e-01 1.460090140748286081e-01 9.892832596425032987e-01 0.000000000000000000e+00 5.442211842709999622e-03 0.000000000000000000e+00 0.000000000000000000e+00 1.000000000000000000e+00 0.000000000000000000e+00
9.853950592962490429e-01 -1.702838134249462232e-01 0.000000000000000000e+00 5.859784299620000025e-01 1.702838134249462232e-01 9.853950592962490429e-01 0.000000000000000000e+00 6.802071499920000174e-03 0.000000000000000000e+00 0.000000000000000000e+00 1.000000000000000000e+00 0.000000000000000000e+00
9.804797324654616064e-01 -1.966201775618587055e-01 0.000000000000000000e+00 5.946993918890000064e-01 1.966201775618587055e-01 9.804797324654616064e-01 0.000000000000000000e+00 8.431192549280000503e-03 0.000000000000000000e+00 0.000000000000000000e+00 1.000000000000000000e+00 0.000000000000000000e+00
9.751868112070026795e-01 -2.213835658939428130e-01 0.000000000000000000e+00 6.030415094259999886e-01 2.213835658939428130e-01 9.751868112070026795e-01 0.000000000000000000e+00 1.021679215020000059e-02 0.000000000000000000e+00 0.000000000000000000e+00 1.000000000000000000e+00 0.000000000000000000e+00
9.686951882022230009e-01 -2.482531618204687762e-01 0.000000000000000000e+00 6.114720202140000449e-01 2.482531618204687762e-01 9.686951882022230009e-01 0.000000000000000000e+00 1.225181491729999961e-02 0.000000000000000000e+00 0.000000000000000000e+00 1.000000000000000000e+00 0.000000000000000000e+00
9.604668928749828805e-01 -2.783942307072402866e-01 0.000000000000000000e+00 6.201037818810000157e-01 2.783942307072402866e-01 9.604668928749828805e-01 0.000000000000000000e+00 1.460627532430000021e-02 0.000000000000000000e+00 0.000000000000000000e+00 1.000000000000000000e+00 0.000000000000000000e+00
9.513547938325171982e-01 -3.080974784899879748e-01 0.000000000000000000e+00 6.282852914580000503e-01 3.080974784899879748e-01 9.513547938325171982e-01 0.000000000000000000e+00 1.710730320750000061e-02 0.000000000000000000e+00 0.000000000000000000e+00 1.000000000000000000e+00 0.000000000000000000e+00
9.410491790689082814e-01 -3.382697778012894729e-01 0.000000000000000000e+00 6.362703056749999808e-01 3.382697778012894729e-01 9.410491790689082814e-01 0.000000000000000000e+00 1.983644294109999928e-02 0.000000000000000000e+00 0.000000000000000000e+00 1.000000000000000000e+00 0.000000000000000000e+00
9.291299311975699249e-01 -3.697533920774750404e-01 0.000000000000000000e+00 6.442837424380000177e-01 3.697533920774750404e-01 9.291299311975699249e-01 0.000000000000000000e+00 2.287330342099999983e-02 0.000000000000000000e+00 0.000000000000000000e+00 1.000000000000000000e+00 0.000000000000000000e+00
9.165369034203766363e-01 -3.999501277266793720e-01 0.000000000000000000e+00 6.519516985479999471e-01 3.999501277266793720e-01 9.165369034203766363e-01 0.000000000000000000e+00 2.607429868659999830e-02 0.000000000000000000e+00 0.000000000000000000e+00 1.000000000000000000e+00 0.000000000000000000e+00
9.029327334365595537e-01 -4.297818968835039888e-01 0.000000000000000000e+00 6.595015327809999883e-01 4.297818968835039888e-01 9.029327334365595537e-01 0.000000000000000000e+00 2.952055428400000153e-02 0.000000000000000000e+00 0.000000000000000000e+00 1.000000000000000000e+00 0.000000000000000000e+00
7.583414944377938616e-01 -6.518574827474586941e-01 0.000000000000000000e+00 7.155224295230000475e-01 6.518574827474586941e-01 7.583414944377938616e-01 0.000000000000000000e+00 6.601612130120000643e-02 0.000000000000000000e+00 0.000000000000000000e+00 1.000000000000000000e+00 0.000000000000000000e+00
2.914604515450242572e-01 -9.565828794125319501e-01 0.000000000000000000e+00 7.926716190370000081e-01 9.565828794125319501e-01 2.914604515450242572e-01 0.000000000000000000e+00 1.834145400659999980e-01 0.000000000000000000e+00 0.000000000000000000e+00 1.000000000000000000e+00 0.000000000000000000e+00
-8.692450335532210526e-02 -9.962149018743047257e-01 0.000000000000000000e+00 8.038868696409999792e-01 9.962149018743047257e-01 -8.692450335532210526e-02 0.000000000000000000e+00 3.174054739800000191e-01 0.000000000000000000e+00 0.000000000000000000e+00 1.000000000000000000e+00 0.000000000000000000e+00
-1.024552143393097914e-01 -9.947376181962186426e-01 0.000000000000000000e+00 8.030913692760000000e-01 9.947376181962186426e-01 -1.024552143393097914e-01 0.000000000000000000e+00 3.257367442119999956e-01 0.000000000000000000e+00 0.000000000000000000e+00 1.000000000000000000e+00 0.000000000000000000e+00
-1.165790529098803124e-01 -9.931814156651519454e-01 0.000000000000000000e+00 8.021319133709999827e-01 9.931814156651519454e-01 -1.165790529098803124e-01 0.000000000000000000e+00 3.344204059199999968e-01 0.000000000000000000e+00 0.000000000000000000e+00 1.000000000000000000e+00 0.000000000000000000e+00
-1.294466136133189671e-01 -9.915863927182765325e-01 0.000000000000000000e+00 8.010897162310000041e-01 9.915863927182765325e-01 -1.294466136133189671e-01 0.000000000000000000e+00 3.428139138999999891e-01 0.000000000000000000e+00 0.000000000000000000e+00 1.000000000000000000e+00 0.000000000000000000e+00
-1.541232790455253354e-01 -9.880516256027592759e-01 0.000000000000000000e+00 7.986420160760000497e-01 9.880516256027592759e-01 -1.541232790455253354e-01 0.000000000000000000e+00 3.598395456090000000e-01 0.000000000000000000e+00 0.000000000000000000e+00 1.000000000000000000e+00 0.000000000000000000e+00
-1.654310844283357340e-01 -9.862213525902108202e-01 0.000000000000000000e+00 7.972856044639999862e-01 9.862213525902108202e-01 -1.654310844283357340e-01 0.000000000000000000e+00 3.682137226569999755e-01 0.000000000000000000e+00 0.000000000000000000e+00 1.000000000000000000e+00 0.000000000000000000e+00
-1.852064344102507532e-01 -9.826996370473743969e-01 0.000000000000000000e+00 7.942606519910000440e-01 9.826996370473743969e-01 -1.852064344102507532e-01 0.000000000000000000e+00 3.851860407739999825e-01 0.000000000000000000e+00 0.000000000000000000e+00 1.000000000000000000e+00 0.000000000000000000e+00
-1.948840603982225361e-01 -9.808262858440845999e-01 0.000000000000000000e+00 7.926461385320000552e-01 9.808262858440845999e-01 -1.948840603982225361e-01 0.000000000000000000e+00 3.935220662589999918e-01 0.000000000000000000e+00 0.000000000000000000e+00 1.000000000000000000e+00 0.000000000000000000e+00
-2.144755230825382275e-01 -9.767293637433409614e-01 0.000000000000000000e+00 7.891159026599999793e-01 9.767293637433409614e-01 -2.144755230825382275e-01 0.000000000000000000e+00 4.103951053620000233e-01 0.000000000000000000e+00 0.000000000000000000e+00 1.000000000000000000e+00 0.000000000000000000e+00
-2.240913346249550631e-01 -9.745681473073118939e-01 0.000000000000000000e+00 7.872532489579999737e-01 9.745681473073118939e-01 -2.240913346249550631e-01 0.000000000000000000e+00 4.186785727480000219e-01 0.000000000000000000e+00 0.000000000000000000e+00 1.000000000000000000e+00 0.000000000000000000e+00
