9.999999955248753958e-01 9.460575670790055648e-05 0.000000000000000000e+00 -1.156584619669999962e-05 -9.460575670790055648e-05 9.999999955248753958e-01 0.000000000000000000e+00 -2.439287635380000180e-07 0.000000000000000000e+00 0.000000000000000000e+00 1.000000000000000000e+00 0.000000000000000000e+00
9.999999955083478387e-01 9.478029443668528956e-05 0.000000000000000000e+00 -1.157527513249999926e-05 -9.478029443668528956e-05 9.999999955083478387e-01 0.000000000000000000e+00 -2.394185707879999488e-07 0.000000000000000000e+00 0.000000000000000000e+00 1.000000000000000000e+00 0.000000000000000000e+00
9.999999954898943777e-01 9.497479230816115268e-05 0.000000000000000000e+00 -1.158578241360000060e-05 -9.497479230816115268e-05 9.999999954898943777e-01 0.000000000000000000e+00 -2.414775614079998979e-07 0.000000000000000000e+00 0.000000000000000000e+00 1.000000000000000000e+00 0.000000000000000000e+00
9.999999954670742985e-01 9.521476414246860735e-05 0.000000000000000000e+00 -1.159874654330000252e-05 -9.521476414246860735e-05 9.999999954670742985e-01 0.000000000000000000e+00 -2.563655652129998989e-07 0.000000000000000000e+00 0.000000000000000000e+00 1.000000000000000000e+00 0.000000000000000000e+00
9.999999954489845466e-01 9.540456386860943455e-05 0.000000000000000000e+00 -1.160899998420000151e-05 -9.540456386860943455e-05 9.999999954489845466e-01 0.000000000000000000e+00 -2.543894547459999375e-07 0.000000000000000000e+00 0.000000000000000000e+00 1.000000000000000000e+00 0.000000000000000000e+00
9.999998173460492579e-01 -6.044070385239573009e-04 0.000000000000000000e+00 9.989334824362731610e-03 6.044070385239573009e-04 9.999998173460492579e-01 0.000000000000000000e+00 9.998789461570879722e-03 0.000000000000000000e+00 0.000000000000000000e+00 1.000000000000000000e+00 0.000000000000000000e+00
9.999991493620018490e-01 -1.304329434105572574e-03 0.000000000000000000e+00 1.998328474282153738e-02 1.304329434105572574e-03 9.999991493620018490e-01 0.000000000000000000e+00 2.000484662373151756e-02 0.000000000000000000e+00 0.000000000000000000e+00 1.000000000000000000e+00 0.000000000000000000e+00
9.999979917981509647e-01 -2.004095722581556230e-03 0.000000000000000000e+00 2.997022038018160722e-02 2.004095722581556230e-03 9.999979917981509647e-01 0.000000000000000000e+00 3.001787327046320786e-02 0.000000000000000000e+00 0.000000000000000000e+00 1.000000000000000000e+00 0.000000000000000000e+00
9.999963445536760309e-01 -2.703863769794508879e-03 0.000000000000000000e+00 3.995014693804995604e-02 2.703863769794508879e-03 9.999963445536760309e-01 0.000000000000000000e+00 4.003788340470865181e-02 0.000000000000000000e+00 0.000000000000000000e+00 1.000000000000000000e+00 0.000000000000000000e+00
9.999942073397335429e-01 -3.403716641846694056e-03 0.000000000000000000e+00 4.992306395148522757e-02 3.403716641846694056e-03 9.999942073397335429e-01 0.000000000000000000e+00 5.006489384395128306e-02 0.000000000000000000e+00 0.000000000000000000e+00 1.000000000000000000e+00 0.000000000000000000e+00
9.999915806665863327e-01 -4.103485828199637808e-03 0.000000000000000000e+00 5.988895669499980090e-02 4.103485828199637808e-03 9.999915806665863327e-01 0.000000000000000000e+00 6.009886194525772274e-02 0.000000000000000000e+00 0.000000000000000000e+00 1.000000000000000000e+00 0.000000000000000000e+00
9.999884639543488163e-01 -4.803327827865957675e-03 0.000000000000000000e+00 6.984782948097523203e-02 4.803327827865957675e-03 9.999884639543488163e-01 0.000000000000000000e+00 7.013981318504936002e-02 0.000000000000000000e+00 0.000000000000000000e+00 1.000000000000000000e+00 0.000000000000000000e+00
9.999848577079711864e-01 -5.503122274554162439e-03 0.000000000000000000e+00 7.979967023653722347e-02 5.503122274554162439e-03 9.999848577079711864e-01 0.000000000000000000e+00 8.018773186016256438e-02 0.000000000000000000e+00 0.000000000000000000e+00 1.000000000000000000e+00 0.000000000000000000e+00
9.999807621756491294e-01 -6.202844396545780480e-03 0.000000000000000000e+00 8.974447314663015762e-02 6.202844396545780480e-03 9.999807621756491294e-01 0.000000000000000000e+00 9.024262608983948941e-02 0.000000000000000000e+00 0.000000000000000000e+00 1.000000000000000000e+00 0.000000000000000000e+00
9.999761768039359122e-01 -6.902595496147284800e-03 0.000000000000000000e+00 9.968223978688363351e-02 6.902595496147284800e-03 9.999761768039359122e-01 0.000000000000000000e+00 1.003044467672141865e-01 0.000000000000000000e+00 0.000000000000000000e+00 1.000000000000000000e+00 0.000000000000000000e+00
9.999711018809648300e-01 -7.602328785905687093e-03 0.000000000000000000e+00 1.096129622492385131e-01 7.602328785905687093e-03 9.999711018809648300e-01 0.000000000000000000e+00 1.103732254623005921e-01 0.000000000000000000e+00 0.000000000000000000e+00 1.000000000000000000e+00 0.000000000000000000e+00
9.999655363420192344e-01 -8.302176113391642950e-03 0.000000000000000000e+00 1.195366428603422543e-01 8.302176113391642950e-03 9.999655363420192344e-01 0.000000000000000000e+00 1.204489686178980834e-01 0.000000000000000000e+00 0.000000000000000000e+00 1.000000000000000000e+00 0.000000000000000000e+00
9.999594821954237434e-01 -9.001886883315698973e-03 0.000000000000000000e+00 1.294532620541874735e-01 9.001886883315698973e-03 9.999594821954237434e-01 0.000000000000000000e+00 1.305316694049489246e-01 0.000000000000000000e+00 0.000000000000000000e+00 1.000000000000000000e+00 0.000000000000000000e+00
9.999529378597664664e-01 -9.701652726314949002e-03 0.000000000000000000e+00 1.393628271278171682e-01 9.701652726314949002e-03 9.999529378597664664e-01 0.000000000000000000e+00 1.406212702443953022e-01 0.000000000000000000e+00 0.000000000000000000e+00 1.000000000000000000e+00 0.000000000000000000e+00
9.999459040507351348e-01 -1.040139279894796570e-02 0.000000000000000000e+00 1.492653279632890073e-01 1.040139279894796570e-02 9.999459040507351348e-01 0.000000000000000000e+00 1.507178042613396551e-01 0.000000000000000000e+00 0.000000000000000000e+00 1.000000000000000000e+00 0.000000000000000000e+00
9.999383791213846129e-01 -1.110125939243201791e-02 0.000000000000000000e+00 1.591607679321099811e-01 1.110125939243201791e-02 9.999383791213846129e-01 0.000000000000000000e+00 1.608212889214958585e-01 0.000000000000000000e+00 0.000000000000000000e+00 1.000000000000000000e+00 0.000000000000000000e+00
9.999303668660733946e-01 -1.180090755323245227e-02 0.000000000000000000e+00 1.690491228258367840e-01 1.180090755323245227e-02 9.999303668660733946e-01 0.000000000000000000e+00 1.709316651187193781e-01 0.000000000000000000e+00 0.000000000000000000e+00 1.000000000000000000e+00 0.000000000000000000e+00
9.999218621596172030e-01 -1.250078298521990934e-02 0.000000000000000000e+00 1.789304132445216911e-01 1.250078298521990934e-02 9.999218621596172030e-01 0.000000000000000000e+00 1.810489977873931677e-01 0.000000000000000000e+00 0.000000000000000000e+00 1.000000000000000000e+00 0.000000000000000000e+00
9.999128708641004115e-01 -1.320040455110690555e-02 0.000000000000000000e+00 1.888046065551239328e-01 1.320040455110690555e-02 9.999128708641004115e-01 0.000000000000000000e+00 1.911732367339485927e-01 0.000000000000000000e+00 0.000000000000000000e+00 1.000000000000000000e+00 0.000000000000000000e+00
9.999033894934681310e-01 -1.390006041259388495e-02 0.000000000000000000e+00 1.986717164170337391e-01 1.390006041259388495e-02 9.999033894934681310e-01 0.000000000000000000e+00 2.013043453796111992e-01 0.000000000000000000e+00 0.000000000000000000e+00 1.000000000000000000e+00 0.000000000000000000e+00
9.998934158726353605e-01 -1.459989364869124055e-02 0.000000000000000000e+00 2.085317443834122098e-01 1.459989364869124055e-02 9.998934158726353605e-01 0.000000000000000000e+00 2.114423909477462782e-01 0.000000000000000000e+00 0.000000000000000000e+00 1.000000000000000000e+00 0.000000000000000000e+00
9.998829547566180365e-01 -1.529956820224026744e-02 0.000000000000000000e+00 2.183846663048216452e-01 1.529956820224026744e-02 9.998829547566180365e-01 0.000000000000000000e+00 2.215873201574961593e-01 0.000000000000000000e+00 0.000000000000000000e+00 1.000000000000000000e+00 0.000000000000000000e+00
9.998720020657169139e-01 -1.599935889637544434e-02 0.000000000000000000e+00 2.282304934398896035e-01 1.599935889637544434e-02 9.998720020657169139e-01 0.000000000000000000e+00 2.317391488521329257e-01 0.000000000000000000e+00 0.000000000000000000e+00 1.000000000000000000e+00 0.000000000000000000e+00
9.998605614918819606e-01 -1.669902910766293130e-02 0.000000000000000000e+00 2.380692073651316520e-01 1.669902910766293130e-02 9.998605614918819606e-01 0.000000000000000000e+00 2.418978464166327835e-01 0.000000000000000000e+00 0.000000000000000000e+00 1.000000000000000000e+00 0.000000000000000000e+00
9.998486296205393309e-01 -1.739878863396950026e-02 0.000000000000000000e+00 2.479008151147334971e-01 1.739878863396950026e-02 9.998486296205393309e-01 0.000000000000000000e+00 2.520634469686803825e-01 0.000000000000000000e+00 0.000000000000000000e+00 1.000000000000000000e+00 0.000000000000000000e+00
9.998362113220281566e-01 -1.809835708601021872e-02 0.000000000000000000e+00 2.577252959760799045e-01 1.809835708601021872e-02 9.998362113220281566e-01 0.000000000000000000e+00 2.622359318437726405e-01 0.000000000000000000e+00 0.000000000000000000e+00 1.000000000000000000e+00 0.000000000000000000e+00
9.998233003930456775e-01 -1.879808477365823433e-02 0.000000000000000000e+00 2.675426662418438073e-01 1.879808477365823433e-02 9.998233003930456775e-01 0.000000000000000000e+00 2.724152774741276373e-01 0.000000000000000000e+00 0.000000000000000000e+00 1.000000000000000000e+00 0.000000000000000000e+00
9.998099001546780773e-01 -1.949778327637762335e-02 0.000000000000000000e+00 2.773529088451218705e-01 1.949778327637762335e-02 9.998099001546780773e-01 0.000000000000000000e+00 2.826015016732551510e-01 0.000000000000000000e+00 0.000000000000000000e+00 1.000000000000000000e+00 0.000000000000000000e+00
9.997960125796065967e-01 -2.019735700330804393e-02 0.000000000000000000e+00 2.871560149571310561e-01 2.019735700330804393e-02 9.997960125796065967e-01 0.000000000000000000e+00 2.927945515452531899e-01 0.000000000000000000e+00 0.000000000000000000e+00 1.000000000000000000e+00 0.000000000000000000e+00
9.997816364592568839e-01 -2.089687533700689340e-02 0.000000000000000000e+00 2.969519833588568081e-01 2.089687533700689340e-02 9.997816364592568839e-01 0.000000000000000000e+00 3.029944906353791989e-01 0.000000000000000000e+00 0.000000000000000000e+00 1.000000000000000000e+00 0.000000000000000000e+00
9.997667580621221184e-01 -2.159697835240280070e-02 0.000000000000000000e+00 3.068930360051921324e-01 2.159697835240280070e-02 9.997667580621221184e-01 0.000000000000000000e+00 3.132045226727726006e-01 0.000000000000000000e+00 0.000000000000000000e+00 1.000000000000000000e+00 0.000000000000000000e+00
9.997513968285328678e-01 -2.229673831297929870e-02 0.000000000000000000e+00 3.170017320535648553e-01 2.229673831297929870e-02 9.997513968285328678e-01 0.000000000000000000e+00 3.234252357467630179e-01 0.000000000000000000e+00 0.000000000000000000e+00 1.000000000000000000e+00 0.000000000000000000e+00
9.997355469467074096e-01 -2.299643822785774408e-02 0.000000000000000000e+00 3.271048455680317102e-01 2.299643822785774408e-02 9.997355469467074096e-01 0.000000000000000000e+00 3.336530550732074163e-01 0.000000000000000000e+00 0.000000000000000000e+00 1.000000000000000000e+00 0.000000000000000000e+00
9.997192088558083389e-01 -2.369606390767487608e-02 0.000000000000000000e+00 3.372007920517034463e-01 2.369606390767487608e-02 9.997192088558083389e-01 0.000000000000000000e+00 3.438879306522866219e-01 0.000000000000000000e+00 0.000000000000000000e+00 1.000000000000000000e+00 0.000000000000000000e+00
9.997023684978971758e-01 -2.439619682849377552e-02 0.000000000000000000e+00 3.474579423559815416e-01 2.439619682849377552e-02 9.997023684978971758e-01 0.000000000000000000e+00 3.541339767068225064e-01 0.000000000000000000e+00 0.000000000000000000e+00 1.000000000000000000e+00 0.000000000000000000e+00
9.996850530378404986e-01 -2.509571144099967746e-02 0.000000000000000000e+00 3.577183653953557863e-01 2.509571144099967746e-02 9.996850530378404986e-01 0.000000000000000000e+00 3.643873431325266310e-01 0.000000000000000000e+00 0.000000000000000000e+00 1.000000000000000000e+00 0.000000000000000000e+00
9.996672621607972653e-01 -2.579466929301351547e-02 0.000000000000000000e+00 3.684610518860201855e-01 2.579466929301351547e-02 9.996672621607972653e-01 0.000000000000000000e+00 3.746601192422019388e-01 0.000000000000000000e+00 0.000000000000000000e+00 1.000000000000000000e+00 0.000000000000000000e+00
9.996489777131657428e-01 -2.649379846346375939e-02 0.000000000000000000e+00 3.798477530909697419e-01 2.649379846346375939e-02 9.996489777131657428e-01 0.000000000000000000e+00 3.849573093213891628e-01 0.000000000000000000e+00 0.000000000000000000e+00 1.000000000000000000e+00 0.000000000000000000e+00
9.996302121857659762e-01 -2.719262557092303606e-02 0.000000000000000000e+00 3.913807184321481669e-01 2.719262557092303606e-02 9.996302121857659762e-01 0.000000000000000000e+00 3.952664890941607334e-01 0.000000000000000000e+00 0.000000000000000000e+00 1.000000000000000000e+00 0.000000000000000000e+00
9.996109614072192784e-01 -2.789132184990105942e-02 0.000000000000000000e+00 4.030713351781198273e-01 2.789132184990105942e-02 9.996109614072192784e-01 0.000000000000000000e+00 4.055882097040681700e-01 0.000000000000000000e+00 0.000000000000000000e+00 1.000000000000000000e+00 0.000000000000000000e+00
9.995911982784337901e-01 -2.859084336435155360e-02 0.000000000000000000e+00 4.145376713173669070e-01 2.859084336435155360e-02 9.995911982784337901e-01 0.000000000000000000e+00 4.159120711254705727e-01 0.000000000000000000e+00 0.000000000000000000e+00 1.000000000000000000e+00 0.000000000000000000e+00
9.995709973497315382e-01 -2.928858578462047516e-02 0.000000000000000000e+00 4.263789614333262645e-01 2.928858578462047516e-02 9.995709973497315382e-01 0.000000000000000000e+00 4.262546987794850195e-01 0.000000000000000000e+00 0.000000000000000000e+00 1.000000000000000000e+00 0.000000000000000000e+00
9.995502907898281553e-01 -2.998693352061675491e-02 0.000000000000000000e+00 4.388315292573704007e-01 2.998693352061675491e-02 9.995502907898281553e-01 0.000000000000000000e+00 4.366239019520763431e-01 0.000000000000000000e+00 0.000000000000000000e+00 1.000000000000000000e+00 0.000000000000000000e+00
9.995291070888258078e-01 -3.068491620022138072e-02 0.000000000000000000e+00 4.515715390479321245e-01 3.068491620022138072e-02 9.995291070888258078e-01 0.000000000000000000e+00 4.470106118224896341e-01 0.000000000000000000e+00 0.000000000000000000e+00 1.000000000000000000e+00 0.000000000000000000e+00
9.995074325484308853e-01 -3.138299349080540812e-02 0.000000000000000000e+00 4.642271226918719962e-01 3.138299349080540812e-02 9.995074325484308853e-01 0.000000000000000000e+00 4.574038642088298356e-01 0.000000000000000000e+00 0.000000000000000000e+00 1.000000000000000000e+00 0.000000000000000000e+00
9.994852105459129943e-01 -3.208292224832236250e-02 0.000000000000000000e+00 4.768779201466140094e-01 3.208292224832236250e-02 9.994852105459129943e-01 0.000000000000000000e+00 4.678060344139402527e-01 0.000000000000000000e+00 0.000000000000000000e+00 1.000000000000000000e+00 0.000000000000000000e+00
9.994626248011918568e-01 -3.277898145934225738e-02 0.000000000000000000e+00 4.900065794071603031e-01 3.277898145934225738e-02 9.994626248011918568e-01 0.000000000000000000e+00 4.782323068232445795e-01 0.000000000000000000e+00 0.000000000000000000e+00 1.000000000000000000e+00 0.000000000000000000e+00
9.994395003682982059e-01 -3.347663518883583350e-02 0.000000000000000000e+00 5.034474093676775119e-01 3.347663518883583350e-02 9.994395003682982059e-01 0.000000000000000000e+00 4.886785549609072854e-01 0.000000000000000000e+00 0.000000000000000000e+00 1.000000000000000000e+00 0.000000000000000000e+00
9.994159097344603726e-01 -3.417366485527816022e-02 0.000000000000000000e+00 5.170420893248843797e-01 3.417366485527816022e-02 9.994159097344603726e-01 0.000000000000000000e+00 4.991394898500788324e-01 0.000000000000000000e+00 0.000000000000000000e+00 1.000000000000000000e+00 0.000000000000000000e+00
9.993918323809228843e-01 -3.487069500743324862e-02 0.000000000000000000e+00 5.307711452843650868e-01 3.487069500743324862e-02 9.993918323809228843e-01 0.000000000000000000e+00 5.096147782967552775e-01 0.000000000000000000e+00 0.000000000000000000e+00 1.000000000000000000e+00 0.000000000000000000e+00
9.993672907467132660e-01 -3.556709414015037790e-02 0.000000000000000000e+00 5.444962353003923727e-01 3.556709414015037790e-02 9.993672907467132660e-01 0.000000000000000000e+00 5.200996488931209916e-01 0.000000000000000000e+00 0.000000000000000000e+00 1.000000000000000000e+00 0.000000000000000000e+00
9.993423338084913565e-01 -3.626154792887033990e-02 0.000000000000000000e+00 5.583368532332633194e-01 3.626154792887033990e-02 9.993423338084913565e-01 0.000000000000000000e+00 5.305981104255781400e-01 0.000000000000000000e+00 0.000000000000000000e+00 1.000000000000000000e+00 0.000000000000000000e+00
9.993179593001469962e-01 -3.692717454923477582e-02 0.000000000000000000e+00 5.723524611591556122e-01 3.692717454923477582e-02 9.993179593001469962e-01 0.000000000000000000e+00 5.411073077554149346e-01 0.000000000000000000e+00 0.000000000000000000e+00 1.000000000000000000e+00 0.000000000000000000e+00
9.992924007213085380e-01 -3.761246948345491753e-02 0.000000000000000000e+00 5.861594059302380755e-01 3.761246948345491753e-02 9.992924007213085380e-01 0.000000000000000000e+00 5.516222870565626879e-01 0.000000000000000000e+00 0.000000000000000000e+00 1.000000000000000000e+00 0.000000000000000000e+00
9.992654438785528725e-01 -3.832196067790118871e-02 0.000000000000000000e+00 5.999597974250575616e-01 3.832196067790118871e-02 9.992654438785528725e-01 0.000000000000000000e+00 5.621514881200065927e-01 0.000000000000000000e+00 0.000000000000000000e+00 1.000000000000000000e+00 0.000000000000000000e+00
9.992383226850723998e-01 -3.902274308045532158e-02 0.000000000000000000e+00 6.141530974418638600e-01 3.902274308045532158e-02 9.992383226850723998e-01 0.000000000000000000e+00 5.727041793806697534e-01 0.000000000000000000e+00 0.000000000000000000e+00 1.000000000000000000e+00 0.000000000000000000e+00
9.992108890763210516e-01 -3.971900239568021407e-02 0.000000000000000000e+00 6.285833401173828161e-01 3.971900239568021407e-02 9.992108890763210516e-01 0.000000000000000000e+00 5.832755330527237270e-01 0.000000000000000000e+00 0.000000000000000000e+00 1.000000000000000000e+00 0.000000000000000000e+00
9.991830055439081537e-01 -4.041437160519142924e-02 0.000000000000000000e+00 6.433580855644791541e-01 4.041437160519142924e-02 9.991830055439081537e-01 0.000000000000000000e+00 5.938708342990571820e-01 0.000000000000000000e+00 0.000000000000000000e+00 1.000000000000000000e+00 0.000000000000000000e+00
9.991546178797826583e-01 -4.111021247215180391e-02 0.000000000000000000e+00 6.586424286099813452e-01 4.111021247215180391e-02 9.991546178797826583e-01 0.000000000000000000e+00 6.044972809393645008e-01 0.000000000000000000e+00 0.000000000000000000e+00 1.000000000000000000e+00 0.000000000000000000e+00
9.991257916503868408e-01 -4.180493342881708846e-02 0.000000000000000000e+00 6.742346298673830285e-01 4.180493342881708846e-02 9.991257916503868408e-01 0.000000000000000000e+00 6.151474564473871087e-01 0.000000000000000000e+00 0.000000000000000000e+00 1.000000000000000000e+00 0.000000000000000000e+00
9.990965329062988509e-01 -4.249844626116299623e-02 0.000000000000000000e+00 6.906798647270848690e-01 4.249844626116299623e-02 9.990965329062988509e-01 0.000000000000000000e+00 6.258444304756407561e-01 0.000000000000000000e+00 0.000000000000000000e+00 1.000000000000000000e+00 0.000000000000000000e+00
9.990668438838387067e-01 -4.319075655722585255e-02 0.000000000000000000e+00 7.082785273452140151e-01 4.319075655722585255e-02 9.990668438838387067e-01 0.000000000000000000e+00 6.366021411358839810e-01 0.000000000000000000e+00 0.000000000000000000e+00 1.000000000000000000e+00 0.000000000000000000e+00
9.990365810699890492e-01 -4.388518752366564468e-02 0.000000000000000000e+00 7.262918101127479042e-01 4.388518752366564468e-02 9.990365810699890492e-01 0.000000000000000000e+00 6.473902268416521499e-01 0.000000000000000000e+00 0.000000000000000000e+00 1.000000000000000000e+00 0.000000000000000000e+00
9.990056906669249059e-01 -4.458284440342984156e-02 0.000000000000000000e+00 7.444135788430247258e-01 4.458284440342984156e-02 9.990056906669249059e-01 0.000000000000000000e+00 6.581959420450852472e-01 0.000000000000000000e+00 0.000000000000000000e+00 1.000000000000000000e+00 0.000000000000000000e+00
9.989743516902699350e-01 -4.527962748306219032e-02 0.000000000000000000e+00 7.627875794120930752e-01 4.527962748306219032e-02 9.989743516902699350e-01 0.000000000000000000e+00 6.690259027650676815e-01 0.000000000000000000e+00 0.000000000000000000e+00 1.000000000000000000e+00 0.000000000000000000e+00
9.989426700481355281e-01 -4.597327437872791855e-02 0.000000000000000000e+00 7.808945951113350770e-01 4.597327437872791855e-02 9.989426700481355281e-01 0.000000000000000000e+00 6.798568908946499567e-01 0.000000000000000000e+00 0.000000000000000000e+00 1.000000000000000000e+00 0.000000000000000000e+00
9.989106959519967743e-01 -4.666284938468089061e-02 0.000000000000000000e+00 7.989940762601940305e-01 4.666284938468089061e-02 9.989106959519967743e-01 0.000000000000000000e+00 6.907003950121505254e-01 0.000000000000000000e+00 0.000000000000000000e+00 1.000000000000000000e+00 0.000000000000000000e+00
9.988783585528225872e-01 -4.735002444369827007e-02 0.000000000000000000e+00 8.173365929099594140e-01 4.735002444369827007e-02 9.988783585528225872e-01 0.000000000000000000e+00 7.015677747071300541e-01 0.000000000000000000e+00 0.000000000000000000e+00 1.000000000000000000e+00 0.000000000000000000e+00
9.988454275658612547e-01 -4.803969016107224183e-02 0.000000000000000000e+00 8.354079247354300186e-01 4.803969016107224183e-02 9.988454275658612547e-01 0.000000000000000000e+00 7.124357987086917809e-01 0.000000000000000000e+00 0.000000000000000000e+00 1.000000000000000000e+00 0.000000000000000000e+00
9.988120454509146207e-01 -4.872881962617255092e-02 0.000000000000000000e+00 8.534853467082688105e-01 4.872881962617255092e-02 9.988120454509146207e-01 0.000000000000000000e+00 7.233168003372589805e-01 0.000000000000000000e+00 0.000000000000000000e+00 1.000000000000000000e+00 0.000000000000000000e+00
9.987779915444013890e-01 -4.942189399984159986e-02 0.000000000000000000e+00 8.718152043244040694e-01 4.942189399984159986e-02 9.987779915444013890e-01 0.000000000000000000e+00 7.342228946907868314e-01 0.000000000000000000e+00 0.000000000000000000e+00 1.000000000000000000e+00 0.000000000000000000e+00
9.987433016902771410e-01 -5.011803396786457948e-02 0.000000000000000000e+00 8.898773357151553709e-01 5.011803396786457948e-02 9.987433016902771410e-01 0.000000000000000000e+00 7.451288760704486425e-01 0.000000000000000000e+00 0.000000000000000000e+00 1.000000000000000000e+00 0.000000000000000000e+00
9.987079869901819285e-01 -5.081689406111496166e-02 0.000000000000000000e+00 9.079316040593436998e-01 5.081689406111496166e-02 9.987079869901819285e-01 0.000000000000000000e+00 7.560474324772532562e-01 0.000000000000000000e+00 0.000000000000000000e+00 1.000000000000000000e+00 0.000000000000000000e+00
9.986721817101654741e-01 -5.151575951355347183e-02 0.000000000000000000e+00 9.262377058657275120e-01 5.151575951355347183e-02 9.986721817101654741e-01 0.000000000000000000e+00 7.669918514553292210e-01 0.000000000000000000e+00 0.000000000000000000e+00 1.000000000000000000e+00 0.000000000000000000e+00
9.986358881920108788e-01 -5.221458431275355361e-02 0.000000000000000000e+00 9.442764420582259177e-01 5.221458431275355361e-02 9.986358881920108788e-01 0.000000000000000000e+00 7.779356952063700703e-01 0.000000000000000000e+00 0.000000000000000000e+00 1.000000000000000000e+00 0.000000000000000000e+00
9.985990950848161463e-01 -5.291358328242608267e-02 0.000000000000000000e+00 9.623074801933273470e-01 5.291358328242608267e-02 9.985990950848161463e-01 0.000000000000000000e+00 7.888921768553102121e-01 0.000000000000000000e+00 0.000000000000000000e+00 1.000000000000000000e+00 0.000000000000000000e+00
9.985618303869946422e-01 -5.361222709583069596e-02 0.000000000000000000e+00 9.805904786922164940e-01 5.361222709583069596e-02 9.985618303869946422e-01 0.000000000000000000e+00 7.998750339124356401e-01 0.000000000000000000e+00 0.000000000000000000e+00 1.000000000000000000e+00 0.000000000000000000e+00
9.985243038356300671e-01 -5.430667223804404309e-02 0.000000000000000000e+00 9.986064630250874874e-01 5.430667223804404309e-02 9.985243038356300671e-01 0.000000000000000000e+00 8.108566613524511579e-01 0.000000000000000000e+00 0.000000000000000000e+00 1.000000000000000000e+00 0.000000000000000000e+00
9.984867171377065365e-01 -5.499341505640129024e-02 0.000000000000000000e+00 1.016614801621395170e+00 5.499341505640129024e-02 9.984867171377065365e-01 0.000000000000000000e+00 8.218507971822233138e-01 0.000000000000000000e+00 0.000000000000000000e+00 1.000000000000000000e+00 0.000000000000000000e+00
9.984488001708078375e-01 -5.567758469504890256e-02 0.000000000000000000e+00 1.034865286803039686e+00 5.567758469504890256e-02 9.984488001708078375e-01 0.000000000000000000e+00 8.328707535959311015e-01 0.000000000000000000e+00 0.000000000000000000e+00 1.000000000000000000e+00 0.000000000000000000e+00
9.984102799536355155e-01 -5.636410988300304126e-02 0.000000000000000000e+00 1.052846146247577330e+00 5.636410988300304126e-02 9.984102799536355155e-01 0.000000000000000000e+00 8.438891111183770555e-01 0.000000000000000000e+00 0.000000000000000000e+00 1.000000000000000000e+00 0.000000000000000000e+00
9.983711330304900766e-01 -5.705331481531574628e-02 0.000000000000000000e+00 1.070832346070360375e+00 5.705331481531574628e-02 9.983711330304900766e-01 0.000000000000000000e+00 8.549204369502504397e-01 0.000000000000000000e+00 0.000000000000000000e+00 1.000000000000000000e+00 0.000000000000000000e+00
9.983309639596339435e-01 -5.775193849065224372e-02 0.000000000000000000e+00 1.089070745492357384e+00 5.775193849065224372e-02 9.983309639596339435e-01 0.000000000000000000e+00 8.659789853276150806e-01 0.000000000000000000e+00 0.000000000000000000e+00 1.000000000000000000e+00 0.000000000000000000e+00
9.982902817861211142e-01 -5.845094773728658905e-02 0.000000000000000000e+00 1.107041298772968307e+00 5.845094773728658905e-02 9.982902817861211142e-01 0.000000000000000000e+00 8.770352611339158333e-01 0.000000000000000000e+00 0.000000000000000000e+00 1.000000000000000000e+00 0.000000000000000000e+00
9.982491062993057440e-01 -5.914999385154065537e-02 0.000000000000000000e+00 1.125003843191330066e+00 5.914999385154065537e-02 9.982491062993057440e-01 0.000000000000000000e+00 8.881041099502371416e-01 0.000000000000000000e+00 0.000000000000000000e+00 1.000000000000000000e+00 0.000000000000000000e+00
9.982074358015625704e-01 -5.984910283763193728e-02 0.000000000000000000e+00 1.143217998736689722e+00 5.984910283763193728e-02 9.982074358015625704e-01 0.000000000000000000e+00 8.992009281418636979e-01 0.000000000000000000e+00 0.000000000000000000e+00 1.000000000000000000e+00 0.000000000000000000e+00
9.981652666895527437e-01 -6.054833089833407817e-02 0.000000000000000000e+00 1.161164801592009521e+00 6.054833089833407817e-02 9.981652666895527437e-01 0.000000000000000000e+00 9.102949612649445799e-01 0.000000000000000000e+00 0.000000000000000000e+00 1.000000000000000000e+00 0.000000000000000000e+00
9.981226635899775879e-01 -6.124661972752799832e-02 0.000000000000000000e+00 1.179103723834016737e+00 6.124661972752799832e-02 9.981226635899775879e-01 0.000000000000000000e+00 9.214016031114417027e-01 0.000000000000000000e+00 0.000000000000000000e+00 1.000000000000000000e+00 0.000000000000000000e+00
9.980796199832816518e-01 -6.194410524035487420e-02 0.000000000000000000e+00 1.197294377907256901e+00 6.194410524035487420e-02 9.980796199832816518e-01 0.000000000000000000e+00 9.325366646153206984e-01 0.000000000000000000e+00 0.000000000000000000e+00 1.000000000000000000e+00 0.000000000000000000e+00
9.980362532248571172e-01 -6.263894354863276670e-02 0.000000000000000000e+00 1.215218015634579984e+00 6.263894354863276670e-02 9.980362532248571172e-01 0.000000000000000000e+00 9.436683114391325455e-01 0.000000000000000000e+00 0.000000000000000000e+00 1.000000000000000000e+00 0.000000000000000000e+00
9.979930346046077538e-01 -6.332379395366560804e-02 0.000000000000000000e+00 1.233133960203173451e+00 6.332379395366560804e-02 9.979930346046077538e-01 0.000000000000000000e+00 9.548122629231663439e-01 0.000000000000000000e+00 0.000000000000000000e+00 1.000000000000000000e+00 0.000000000000000000e+00
9.979495693354079044e-01 -6.400513310097777353e-02 0.000000000000000000e+00 1.251291121598893108e+00 6.400513310097777353e-02 9.979495693354079044e-01 0.000000000000000000e+00 9.659840942874683423e-01 0.000000000000000000e+00 0.000000000000000000e+00 1.000000000000000000e+00 0.000000000000000000e+00
9.979054951843309151e-01 -6.468865960054610842e-02 0.000000000000000000e+00 1.269180251772883405e+00 6.468865960054610842e-02 9.979054951843309151e-01 0.000000000000000000e+00 9.771521067009814043e-01 0.000000000000000000e+00 0.000000000000000000e+00 1.000000000000000000e+00 0.000000000000000000e+00
9.978604568004159070e-01 -6.537972739362953034e-02 0.000000000000000000e+00 1.287073943086488592e+00 6.537972739362953034e-02 9.978604568004159070e-01 0.000000000000000000e+00 9.883330633407358956e-01 0.000000000000000000e+00 0.000000000000000000e+00 1.000000000000000000e+00 0.000000000000000000e+00
9.978144458672471018e-01 -6.607822348276834457e-02 0.000000000000000000e+00 1.305219426616114120e+00 6.607822348276834457e-02 9.978144458672471018e-01 0.000000000000000000e+00 9.995433684510999228e-01 0.000000000000000000e+00 0.000000000000000000e+00 1.000000000000000000e+00 0.000000000000000000e+00
9.977679347098107332e-01 -6.677685575795584694e-02 0.000000000000000000e+00 1.323097105370322657e+00 6.677685575795584694e-02 9.977679347098107332e-01 0.000000000000000000e+00 1.010749174869451483e+00 0.000000000000000000e+00 0.000000000000000000e+00 1.000000000000000000e+00 0.000000000000000000e+00
9.977209329126128790e-01 -6.747547723421719323e-02 0.000000000000000000e+00 1.340966679402397554e+00 6.747547723421719323e-02 9.977209329126128790e-01 0.000000000000000000e+00 1.021967487695240706e+00 0.000000000000000000e+00 0.000000000000000000e+00 1.000000000000000000e+00 0.000000000000000000e+00
9.976734390089616600e-01 -6.817410869260927264e-02 0.000000000000000000e+00 1.359087625411397049e+00 6.817410869260927264e-02 9.976734390089616600e-01 0.000000000000000000e+00 1.033215866212146894e+00 0.000000000000000000e+00 0.000000000000000000e+00 1.000000000000000000e+00 0.000000000000000000e+00
9.976254737370642278e-01 -6.887244841660657146e-02 0.000000000000000000e+00 1.376941205445856742e+00 6.887244841660657146e-02 9.976254737370642278e-01 0.000000000000000000e+00 1.044459267524602497e+00 0.000000000000000000e+00 0.000000000000000000e+00 1.000000000000000000e+00 0.000000000000000000e+00
9.975770627604684249e-01 -6.957013622378883932e-02 0.000000000000000000e+00 1.394786874067714733e+00 6.957013622378883932e-02 9.975770627604684249e-01 0.000000000000000000e+00 1.055715110395430978e+00 0.000000000000000000e+00 0.000000000000000000e+00 1.000000000000000000e+00 0.000000000000000000e+00
9.975282209767128982e-01 -7.026697912273055513e-02 0.000000000000000000e+00 1.412884014571407221e+00 7.026697912273055513e-02 9.975282209767128982e-01 0.000000000000000000e+00 1.067001515399025768e+00 0.000000000000000000e+00 0.000000000000000000e+00 1.000000000000000000e+00 0.000000000000000000e+00
9.900568221029307781e-01 -1.406680098936703704e-01 0.000000000000000000e+00 1.525538917725812071e+00 1.406680098936703704e-01 9.900568221029307781e-01 0.000000000000000000e+00 1.086941683966119010e+00 0.000000000000000000e+00 0.000000000000000000e+00 1.000000000000000000e+00 0.000000000000000000e+00
9.846773415755832870e-01 -1.743861605393099701e-01 0.000000000000000000e+00 1.550902226849049104e+00 1.743861605393099701e-01 9.846773415755832870e-01 0.000000000000000000e+00 1.100935970544714371e+00 0.000000000000000000e+00 0.000000000000000000e+00 1.000000000000000000e+00 0.000000000000000000e+00
9.808035800453269726e-01 -1.949983009420080682e-01 0.000000000000000000e+00 1.567645926512541088e+00 1.949983009420080682e-01 9.808035800453269726e-01 0.000000000000000000e+00 1.114145757443732121e+00 0.000000000000000000e+00 0.000000000000000000e+00 1.000000000000000000e+00 0.000000000000000000e+00
9.758902820387366228e-01 -2.182616719040590403e-01 0.000000000000000000e+00 1.583894972818806313e+00 2.182616719040590403e-01 9.758902820387366228e-01 0.000000000000000000e+00 1.127674535768806940e+00 0.000000000000000000e+00 0.000000000000000000e+00 1.000000000000000000e+00 0.000000000000000000e+00
9.700602202646408934e-01 -2.428645076171412620e-01 0.000000000000000000e+00 1.599828841101491594e+00 2.428645076171412620e-01 9.700602202646408934e-01 0.000000000000000000e+00 1.141594987257319671e+00 0.000000000000000000e+00 0.000000000000000000e+00 1.000000000000000000e+00 0.000000000000000000e+00
9.630176818867658417e-01 -2.694382013995786918e-01 0.000000000000000000e+00 1.615676994037752667e+00 2.694382013995786918e-01 9.630176818867658417e-01 0.000000000000000000e+00 1.155995374725086178e+00 0.000000000000000000e+00 0.000000000000000000e+00 1.000000000000000000e+00 0.000000000000000000e+00
9.556807068677516392e-01 -2.944051401058661033e-01 0.000000000000000000e+00 1.630797901238808745e+00 2.944051401058661033e-01 9.556807068677516392e-01 0.000000000000000000e+00 1.170724767439480729e+00 0.000000000000000000e+00 0.000000000000000000e+00 1.000000000000000000e+00 0.000000000000000000e+00
9.469534915578120549e-01 -3.213706346673085856e-01 0.000000000000000000e+00 1.645663386250688198e+00 3.213706346673085856e-01 9.469534915578120549e-01 0.000000000000000000e+00 1.185891575679857812e+00 0.000000000000000000e+00 0.000000000000000000e+00 1.000000000000000000e+00 0.000000000000000000e+00
9.362058159475965535e-01 -3.514522303043400853e-01 0.000000000000000000e+00 1.660346391880235473e+00 3.514522303043400853e-01 9.362058159475965535e-01 0.000000000000000000e+00 1.201580391774417222e+00 0.000000000000000000e+00 0.000000000000000000e+00 1.000000000000000000e+00 0.000000000000000000e+00
9.245693425826007061e-01 -3.810138196396260502e-01 0.000000000000000000e+00 1.674158806306578873e+00 3.810138196396260502e-01 9.245693425826007061e-01 0.000000000000000000e+00 1.217579943385964425e+00 0.000000000000000000e+00 0.000000000000000000e+00 1.000000000000000000e+00 0.000000000000000000e+00
9.116653617468748472e-01 -4.109334108963881849e-01 0.000000000000000000e+00 1.687343443104564855e+00 4.109334108963881849e-01 9.116653617468748472e-01 0.000000000000000000e+00 1.233976492083167287e+00 0.000000000000000000e+00 0.000000000000000000e+00 1.000000000000000000e+00 0.000000000000000000e+00
8.970077481936024055e-01 -4.420148183948620080e-01 0.000000000000000000e+00 1.700101738422133302e+00 4.420148183948620080e-01 8.970077481936024055e-01 0.000000000000000000e+00 1.250857621986901425e+00 0.000000000000000000e+00 0.000000000000000000e+00 1.000000000000000000e+00 0.000000000000000000e+00
8.817380226722197900e-01 -4.717393977336258870e-01 0.000000000000000000e+00 1.712042713090842438e+00 4.717393977336258870e-01 8.817380226722197900e-01 0.000000000000000000e+00 1.268044737159106816e+00 0.000000000000000000e+00 0.000000000000000000e+00 1.000000000000000000e+00 0.000000000000000000e+00
8.654486099405614974e-01 -5.009977081304362034e-01 0.000000000000000000e+00 1.723393788094798484e+00 5.009977081304362034e-01 8.654486099405614974e-01 0.000000000000000000e+00 1.285616637378258043e+00 0.000000000000000000e+00 0.000000000000000000e+00 1.000000000000000000e+00 0.000000000000000000e+00
7.029701474869819444e-01 -7.112193555733216099e-01 0.000000000000000000e+00 1.779943056021572323e+00 7.112193555733216099e-01 7.029701474869819444e-01 0.000000000000000000e+00 1.340163294341836231e+00 0.000000000000000000e+00 0.000000000000000000e+00 1.000000000000000000e+00 0.000000000000000000e+00
2.122269127554333168e-01 -9.772204139815631185e-01 0.000000000000000000e+00 1.847233274443123241e+00 9.772204139815631185e-01 2.122269127554333168e-01 0.000000000000000000e+00 1.477574423371439627e+00 0.000000000000000000e+00 0.000000000000000000e+00 1.000000000000000000e+00 0.000000000000000000e+00
-1.688219510715125993e-01 -9.856465638535995000e-01 0.000000000000000000e+00 1.839799403749484030e+00 9.856465638535995000e-01 -1.688219510715125993e-01 0.000000000000000000e+00 1.623928204734109038e+00 0.000000000000000000e+00 0.000000000000000000e+00 1.000000000000000000e+00 0.000000000000000000e+00
-1.848658059692779299e-01 -9.827637731333656035e-01 0.000000000000000000e+00 1.826774549787016477e+00 9.827637731333656035e-01 -1.848658059692779299e-01 0.000000000000000000e+00 1.640333682483883004e+00 0.000000000000000000e+00 0.000000000000000000e+00 1.000000000000000000e+00 0.000000000000000000e+00
-1.994971668838422529e-01 -9.798984031037709652e-01 0.000000000000000000e+00 1.813419612175510398e+00 9.798984031037709652e-01 -1.994971668838422529e-01 0.000000000000000000e+00 1.656886383513904937e+00 0.000000000000000000e+00 0.000000000000000000e+00 1.000000000000000000e+00 0.000000000000000000e+00
-2.128695416382011263e-01 -9.770806303692353145e-01 0.000000000000000000e+00 1.799882908227151468e+00 9.770806303692353145e-01 -2.128695416382011263e-01 0.000000000000000000e+00 1.672966867324212847e+00 0.000000000000000000e+00 0.000000000000000000e+00 1.000000000000000000e+00 0.000000000000000000e+00
-2.378386782292053192e-01 -9.713046706045351808e-01 0.000000000000000000e+00 1.784104133748603660e+00 9.713046706045351808e-01 -2.378386782292053192e-01 0.000000000000000000e+00 1.697366502312793513e+00 0.000000000000000000e+00 0.000000000000000000e+00 1.000000000000000000e+00 0.000000000000000000e+00
-2.496270589990179922e-01 -9.683420529004721500e-01 0.000000000000000000e+00 1.769946946159090873e+00 9.683420529004721500e-01 -2.496270589990179922e-01 0.000000000000000000e+00 1.712929123933461417e+00 0.000000000000000000e+00 0.000000000000000000e+00 1.000000000000000000e+00 0.000000000000000000e+00
-2.697004366453305546e-01 -9.629442738151143821e-01 0.000000000000000000e+00 1.753293996194978499e+00 9.629442738151143821e-01 -2.697004366453305546e-01 0.000000000000000000e+00 1.736765594430178528e+00 0.000000000000000000e+00 0.000000000000000000e+00 1.000000000000000000e+00 0.000000000000000000e+00
-2.798513248183116531e-01 -9.600433511031862821e-01 0.000000000000000000e+00 1.738636455113237611e+00 9.600433511031862821e-01 -2.798513248183116531e-01 0.000000000000000000e+00 1.751862711329878586e+00 0.000000000000000000e+00 0.000000000000000000e+00 1.000000000000000000e+00 0.000000000000000000e+00
-2.996777150637340292e-01 -9.540404955211174709e-01 0.000000000000000000e+00 1.721246270339845896e+00 9.540404955211174709e-01 -2.996777150637340292e-01 0.000000000000000000e+00 1.775164618167544894e+00 0.000000000000000000e+00 0.000000000000000000e+00 1.000000000000000000e+00 0.000000000000000000e+00
-3.097314294429449610e-01 -9.508240855254088686e-01 0.000000000000000000e+00 1.706124019914246670e+00 9.508240855254088686e-01 -3.097314294429449610e-01 0.000000000000000000e+00 1.789795441563343248e+00 0.000000000000000000e+00 0.000000000000000000e+00 1.000000000000000000e+00 0.000000000000000000e+00
