9.999999955248712880e-01 9.460579985887561849e-05 0.000000000000000000e+00 -1.156580000000000029e-05 -9.460579985887561849e-05 9.999999955248712880e-01 0.000000000000000000e+00 -2.439290000000000133e-07 0.000000000000000000e+00 0.000000000000000000e+00 1.000000000000000000e+00 0.000000000000000000e+00
9.999999955083473946e-01 9.478029985809328169e-05 0.000000000000000000e+00 -1.157530000000000080e-05 -9.478029985809328169e-05 9.999999955083473946e-01 0.000000000000000000e+00 -2.394189999999999815e-07 0.000000000000000000e+00 0.000000000000000000e+00 1.000000000000000000e+00 0.000000000000000000e+00
9.999999954898937116e-01 9.497479985721785577e-05 0.000000000000000000e+00 -1.158580000000000010e-05 -9.497479985721785577e-05 9.999999954898937116e-01 0.000000000000000000e+00 -2.414780000000000134e-07 0.000000000000000000e+00 0.000000000000000000e+00 1.000000000000000000e+00 0.000000000000000000e+00
9.999999954670709679e-01 9.521479985613268907e-05 0.000000000000000000e+00 -1.159869999999999959e-05 -9.521479985613268907e-05 9.999999954670709679e-01 0.000000000000000000e+00 -2.563660000000000074e-07 0.000000000000000000e+00 0.000000000000000000e+00 1.000000000000000000e+00 0.000000000000000000e+00
9.999999954489811049e-01 9.540459985527062242e-05 0.000000000000000000e+00 -1.160900000000000015e-05 -9.540459985527062242e-05 9.999999954489811049e-01 0.000000000000000000e+00 -2.543890000000000156e-07 0.000000000000000000e+00 0.000000000000000000e+00 1.000000000000000000e+00 0.000000000000000000e+00
9.999998173460947770e-01 -6.044069632008998308e-04 0.000000000000000000e+00 9.989329999999999390e-03 6.044069632008998308e-04 9.999998173460947770e-01 0.000000000000000000e+00 9.998790000000000455e-03 0.000000000000000000e+00 0.000000000000000000e+00 1.000000000000000000e+00 0.000000000000000000e+00
9.999991493617461646e-01 -1.304329630162314596e-03 0.000000000000000000e+00 1.998329999999999898e-02 1.304329630162314596e-03 9.999991493617461646e-01 0.000000000000000000e+00 2.000479999999999967e-02 0.000000000000000000e+00 0.000000000000000000e+00 1.000000000000000000e+00 0.000000000000000000e+00
9.999979917922671158e-01 -2.004098658450114475e-03 0.000000000000000000e+00 2.997019999999999892e-02 2.004098658450114475e-03 9.999979917922671158e-01 0.000000000000000000e+00 3.001790000000000014e-02 0.000000000000000000e+00 0.000000000000000000e+00 1.000000000000000000e+00 0.000000000000000000e+00
9.999963445457386024e-01 -2.703866705374825905e-03 0.000000000000000000e+00 3.995010000000000228e-02 2.703866705374825905e-03 9.999963445457386024e-01 0.000000000000000000e+00 4.003790000000000127e-02 0.000000000000000000e+00 0.000000000000000000e+00 1.000000000000000000e+00 0.000000000000000000e+00
9.999942073506732365e-01 -3.403713427812006358e-03 0.000000000000000000e+00 4.992309999999999803e-02 3.403713427812006358e-03 9.999942073506732365e-01 0.000000000000000000e+00 5.006490000000000246e-02 0.000000000000000000e+00 0.000000000000000000e+00 1.000000000000000000e+00 0.000000000000000000e+00
9.999915806556892717e-01 -4.103488483733743787e-03 0.000000000000000000e+00 5.988899999999999779e-02 4.103488483733743787e-03 9.999915806556892717e-01 0.000000000000000000e+00 6.009889999999999677e-02 0.000000000000000000e+00 0.000000000000000000e+00 1.000000000000000000e+00 0.000000000000000000e+00
9.999884639365689276e-01 -4.803331529402367524e-03 0.000000000000000000e+00 6.984780000000000155e-02 4.803331529402367524e-03 9.999884639365689276e-01 0.000000000000000000e+00 7.013980000000000214e-02 0.000000000000000000e+00 0.000000000000000000e+00 1.000000000000000000e+00 0.000000000000000000e+00
9.999848577082537382e-01 -5.503122223204351751e-03 0.000000000000000000e+00 7.979970000000000119e-02 5.503122223204351751e-03 9.999848577082537382e-01 0.000000000000000000e+00 8.018770000000000064e-02 0.000000000000000000e+00 0.000000000000000000e+00 1.000000000000000000e+00 0.000000000000000000e+00
9.999807622015353115e-01 -6.202840223363871933e-03 0.000000000000000000e+00 8.974450000000000482e-02 6.202840223363871933e-03 9.999807622015353115e-01 0.000000000000000000e+00 9.024260000000000614e-02 0.000000000000000000e+00 0.000000000000000000e+00 1.000000000000000000e+00 0.000000000000000000e+00
9.999761768060800859e-01 -6.902595185523105643e-03 0.000000000000000000e+00 9.968219999999999859e-02 6.902595185523105643e-03 9.999761768060800859e-01 0.000000000000000000e+00 1.003040000000000043e-01 0.000000000000000000e+00 0.000000000000000000e+00 1.000000000000000000e+00 0.000000000000000000e+00
9.999711018963044484e-01 -7.602326768211069806e-03 0.000000000000000000e+00 1.096130000000000021e-01 7.602326768211069806e-03 9.999711018963044484e-01 0.000000000000000000e+00 1.103729999999999989e-01 0.000000000000000000e+00 0.000000000000000000e+00 1.000000000000000000e+00 0.000000000000000000e+00
9.999655363543825670e-01 -8.302174624283831933e-03 0.000000000000000000e+00 1.195370000000000044e-01 8.302174624283831933e-03 9.999655363543825670e-01 0.000000000000000000e+00 1.204490000000000005e-01 0.000000000000000000e+00 0.000000000000000000e+00 1.000000000000000000e+00 0.000000000000000000e+00
9.999594821815984691e-01 -9.001888419069441899e-03 0.000000000000000000e+00 1.294530000000000125e-01 9.001888419069441899e-03 9.999594821815984691e-01 0.000000000000000000e+00 1.305320000000000091e-01 0.000000000000000000e+00 0.000000000000000000e+00 1.000000000000000000e+00 0.000000000000000000e+00
9.999529379075247082e-01 -9.701647803852892979e-03 0.000000000000000000e+00 1.393629999999999869e-01 9.701647803852892979e-03 9.999529379075247082e-01 0.000000000000000000e+00 1.406209999999999960e-01 0.000000000000000000e+00 0.000000000000000000e+00 1.000000000000000000e+00 0.000000000000000000e+00
9.999459038464593164e-01 -1.040141243714000872e-02 0.000000000000000000e+00 1.492650000000000088e-01 1.040141243714000872e-02 9.999459038464593164e-01 0.000000000000000000e+00 1.507179999999999909e-01 0.000000000000000000e+00 0.000000000000000000e+00 1.000000000000000000e+00 0.000000000000000000e+00
9.999383789817437584e-01 -1.110127197048517249e-02 0.000000000000000000e+00 1.591609999999999969e-01 1.110127197048517249e-02 9.999383789817437584e-01 0.000000000000000000e+00 1.608209999999999917e-01 0.000000000000000000e+00 0.000000000000000000e+00 1.000000000000000000e+00 0.000000000000000000e+00
9.999303666474289587e-01 -1.180092607968826444e-02 0.000000000000000000e+00 1.690490000000000048e-01 1.180092607968826444e-02 9.999303666474289587e-01 0.000000000000000000e+00 1.709320000000000006e-01 0.000000000000000000e+00 0.000000000000000000e+00 1.000000000000000000e+00 0.000000000000000000e+00
9.999218622670004164e-01 -1.250077439576584466e-02 0.000000000000000000e+00 1.789300000000000057e-01 1.250077439576584466e-02 9.999218622670004164e-01 0.000000000000000000e+00 1.810489999999999877e-01 0.000000000000000000e+00 0.000000000000000000e+00 1.000000000000000000e+00 0.000000000000000000e+00
9.999128707049617093e-01 -1.320041660564032736e-02 0.000000000000000000e+00 1.888050000000000006e-01 1.320041660564032736e-02 9.999128707049617093e-01 0.000000000000000000e+00 1.911730000000000096e-01 0.000000000000000000e+00 0.000000000000000000e+00 1.000000000000000000e+00 0.000000000000000000e+00
9.999033896055098403e-01 -1.390005235285392444e-02 0.000000000000000000e+00 1.986719999999999875e-01 1.390005235285392444e-02 9.999033896055098403e-01 0.000000000000000000e+00 2.013040000000000107e-01 0.000000000000000000e+00 0.000000000000000000e+00 1.000000000000000000e+00 0.000000000000000000e+00
9.998934160533300419e-01 -1.459988127356241783e-02 0.000000000000000000e+00 2.085319999999999951e-01 1.459988127356241783e-02 9.998934160533300419e-01 0.000000000000000000e+00 2.114419999999999911e-01 0.000000000000000000e+00 0.000000000000000000e+00 1.000000000000000000e+00 0.000000000000000000e+00
9.998829542233369505e-01 -1.529960305407787255e-02 0.000000000000000000e+00 2.183849999999999958e-01 1.529960305407787255e-02 9.998829542233369505e-01 0.000000000000000000e+00 2.215870000000000062e-01 0.000000000000000000e+00 0.000000000000000000e+00 1.000000000000000000e+00 0.000000000000000000e+00
9.998720027306433611e-01 -1.599931734207141534e-02 0.000000000000000000e+00 2.282299999999999884e-01 1.599931734207141534e-02 9.998720027306433611e-01 0.000000000000000000e+00 2.317390000000000005e-01 0.000000000000000000e+00 0.000000000000000000e+00 1.000000000000000000e+00 0.000000000000000000e+00
9.998605615806126501e-01 -1.669902379487894425e-02 0.000000000000000000e+00 2.380690000000000028e-01 1.669902379487894425e-02 9.998605615806126501e-01 0.000000000000000000e+00 2.418980000000000019e-01 0.000000000000000000e+00 0.000000000000000000e+00 1.000000000000000000e+00 0.000000000000000000e+00
9.998486290389704267e-01 -1.739882205470320159e-02 0.000000000000000000e+00 2.479010000000000102e-01 1.739882205470320159e-02 9.998486290389704267e-01 0.000000000000000000e+00 2.520629999999999815e-01 0.000000000000000000e+00 0.000000000000000000e+00 1.000000000000000000e+00 0.000000000000000000e+00
9.998362121410274694e-01 -1.809831184067782830e-02 0.000000000000000000e+00 2.577249999999999819e-01 1.809831184067782830e-02 9.998362121410274694e-01 0.000000000000000000e+00 2.622360000000000246e-01 0.000000000000000000e+00 0.000000000000000000e+00 1.000000000000000000e+00 0.000000000000000000e+00
9.998233002437258987e-01 -1.879809271560309650e-02 0.000000000000000000e+00 2.675429999999999753e-01 1.879809271560309650e-02 9.998233002437258987e-01 0.000000000000000000e+00 2.724150000000000182e-01 0.000000000000000000e+00 0.000000000000000000e+00 1.000000000000000000e+00 0.000000000000000000e+00
9.998099005227738534e-01 -1.949776440110489659e-02 0.000000000000000000e+00 2.773530000000000162e-01 1.949776440110489659e-02 9.998099005227738534e-01 0.000000000000000000e+00 2.826020000000000199e-01 0.000000000000000000e+00 0.000000000000000000e+00 1.000000000000000000e+00 0.000000000000000000e+00
9.997960131946350693e-01 -2.019732655855990822e-02 0.000000000000000000e+00 2.871560000000000223e-01 2.019732655855990822e-02 9.997960131946350693e-01 0.000000000000000000e+00 2.927950000000000275e-01 0.000000000000000000e+00 0.000000000000000000e+00 1.000000000000000000e+00 0.000000000000000000e+00
9.997816363862941369e-01 -2.089687882780637274e-02 0.000000000000000000e+00 2.969519999999999937e-01 2.089687882780637274e-02 9.997816363862941369e-01 0.000000000000000000e+00 3.029939999999999856e-01 0.000000000000000000e+00 0.000000000000000000e+00 1.000000000000000000e+00 0.000000000000000000e+00
9.997667571467571124e-01 -2.159702072641560278e-02 0.000000000000000000e+00 3.068930000000000269e-01 2.159702072641560278e-02 9.997667571467571124e-01 0.000000000000000000e+00 3.132050000000000112e-01 0.000000000000000000e+00 0.000000000000000000e+00 1.000000000000000000e+00 0.000000000000000000e+00
9.997513965203179698e-01 -2.229675213285560106e-02 0.000000000000000000e+00 3.170020000000000060e-01 2.229675213285560106e-02 9.997513965203179698e-01 0.000000000000000000e+00 3.234250000000000180e-01 0.000000000000000000e+00 0.000000000000000000e+00 1.000000000000000000e+00 0.000000000000000000e+00
9.997355461556697298e-01 -2.299647261700882295e-02 0.000000000000000000e+00 3.271049999999999791e-01 2.299647261700882295e-02 9.997355461556697298e-01 0.000000000000000000e+00 3.336529999999999774e-01 0.000000000000000000e+00 0.000000000000000000e+00 1.000000000000000000e+00 0.000000000000000000e+00
9.997192084301900206e-01 -2.369608186418946730e-02 0.000000000000000000e+00 3.372009999999999730e-01 2.369608186418946730e-02 9.997192084301900206e-01 0.000000000000000000e+00 3.438880000000000270e-01 0.000000000000000000e+00 0.000000000000000000e+00 1.000000000000000000e+00 0.000000000000000000e+00
9.997023689242348077e-01 -2.439617935811194335e-02 0.000000000000000000e+00 3.474579999999999891e-01 2.439617935811194335e-02 9.997023689242348077e-01 0.000000000000000000e+00 3.541340000000000043e-01 0.000000000000000000e+00 0.000000000000000000e+00 1.000000000000000000e+00 0.000000000000000000e+00
9.996850542017529095e-01 -2.509566507663042734e-02 0.000000000000000000e+00 3.577179999999999804e-01 2.509566507663042734e-02 9.996850542017529095e-01 0.000000000000000000e+00 3.643870000000000164e-01 0.000000000000000000e+00 0.000000000000000000e+00 1.000000000000000000e+00 0.000000000000000000e+00
9.996672629508364105e-01 -2.579463867518319575e-02 0.000000000000000000e+00 3.684609999999999830e-01 2.579463867518319575e-02 9.996672629508364105e-01 0.000000000000000000e+00 3.746599999999999930e-01 0.000000000000000000e+00 0.000000000000000000e+00 1.000000000000000000e+00 0.000000000000000000e+00
9.996489776832286900e-01 -2.649379959303307941e-02 0.000000000000000000e+00 3.798480000000000190e-01 2.649379959303307941e-02 9.996489776832286900e-01 0.000000000000000000e+00 3.849569999999999936e-01 0.000000000000000000e+00 0.000000000000000000e+00 1.000000000000000000e+00 0.000000000000000000e+00
9.996302115848263448e-01 -2.719264766210469433e-02 0.000000000000000000e+00 3.913809999999999789e-01 2.719264766210469433e-02 9.996302115848263448e-01 0.000000000000000000e+00 3.952660000000000062e-01 0.000000000000000000e+00 0.000000000000000000e+00 1.000000000000000000e+00 0.000000000000000000e+00
9.996109625046410985e-01 -2.789128251882825801e-02 0.000000000000000000e+00 4.030710000000000126e-01 2.789128251882825801e-02 9.996109625046410985e-01 0.000000000000000000e+00 4.055880000000000041e-01 0.000000000000000000e+00 0.000000000000000000e+00 1.000000000000000000e+00 0.000000000000000000e+00
9.995911994219771612e-01 -2.859080338383383074e-02 0.000000000000000000e+00 4.145380000000000176e-01 2.859080338383383074e-02 9.995911994219771612e-01 0.000000000000000000e+00 4.159120000000000039e-01 0.000000000000000000e+00 0.000000000000000000e+00 1.000000000000000000e+00 0.000000000000000000e+00
9.995709966115741141e-01 -2.928861097669868338e-02 0.000000000000000000e+00 4.263790000000000080e-01 2.928861097669868338e-02 9.995709966115741141e-01 0.000000000000000000e+00 4.262549999999999950e-01 0.000000000000000000e+00 0.000000000000000000e+00 1.000000000000000000e+00 0.000000000000000000e+00
9.995502916733258747e-01 -2.998690407109629377e-02 0.000000000000000000e+00 4.388319999999999999e-01 2.998690407109629377e-02 9.995502916733258747e-01 0.000000000000000000e+00 4.366240000000000121e-01 0.000000000000000000e+00 0.000000000000000000e+00 1.000000000000000000e+00 0.000000000000000000e+00
9.995291081181237880e-01 -3.068488267189600424e-02 0.000000000000000000e+00 4.515719999999999734e-01 3.068488267189600424e-02 9.995291081181237880e-01 0.000000000000000000e+00 4.470109999999999917e-01 0.000000000000000000e+00 0.000000000000000000e+00 1.000000000000000000e+00 0.000000000000000000e+00
9.995074340313795380e-01 -3.138294626078871885e-02 0.000000000000000000e+00 4.642270000000000008e-01 3.138294626078871885e-02 9.995074340313795380e-01 0.000000000000000000e+00 4.574039999999999773e-01 0.000000000000000000e+00 0.000000000000000000e+00 1.000000000000000000e+00 0.000000000000000000e+00
9.994852114666565868e-01 -3.208289356421554356e-02 0.000000000000000000e+00 4.768780000000000241e-01 3.208289356421554356e-02 9.994852114666565868e-01 0.000000000000000000e+00 4.678059999999999996e-01 0.000000000000000000e+00 0.000000000000000000e+00 1.000000000000000000e+00 0.000000000000000000e+00
9.994626233018457651e-01 -3.277902717581558656e-02 0.000000000000000000e+00 4.900070000000000259e-01 3.277902717581558656e-02 9.994626233018457651e-01 0.000000000000000000e+00 4.782319999999999904e-01 0.000000000000000000e+00 0.000000000000000000e+00 1.000000000000000000e+00 0.000000000000000000e+00
9.994395000716507216e-01 -3.347664404519641590e-02 0.000000000000000000e+00 5.034469999999999779e-01 3.347664404519641590e-02 9.994395000716507216e-01 0.000000000000000000e+00 4.886789999999999745e-01 0.000000000000000000e+00 0.000000000000000000e+00 1.000000000000000000e+00 0.000000000000000000e+00
9.994159104149202832e-01 -3.417364495508291855e-02 0.000000000000000000e+00 5.170420000000000016e-01 3.417364495508291855e-02 9.994159104149202832e-01 0.000000000000000000e+00 4.991389999999999993e-01 0.000000000000000000e+00 0.000000000000000000e+00 1.000000000000000000e+00 0.000000000000000000e+00
9.993918311884633088e-01 -3.487072918322842163e-02 0.000000000000000000e+00 5.307709999999999928e-01 3.487072918322842163e-02 9.993918311884633088e-01 0.000000000000000000e+00 5.096150000000000402e-01 0.000000000000000000e+00 0.000000000000000000e+00 1.000000000000000000e+00 0.000000000000000000e+00
9.993672906488666463e-01 -3.556709688945217801e-02 0.000000000000000000e+00 5.444959999999999800e-01 3.556709688945217801e-02 9.993672906488666463e-01 0.000000000000000000e+00 5.201000000000000068e-01 0.000000000000000000e+00 0.000000000000000000e+00 1.000000000000000000e+00 0.000000000000000000e+00
9.993423337849952626e-01 -3.626154857640680879e-02 0.000000000000000000e+00 5.583369999999999722e-01 3.626154857640680879e-02 9.993423337849952626e-01 0.000000000000000000e+00 5.305980000000000141e-01 0.000000000000000000e+00 0.000000000000000000e+00 1.000000000000000000e+00 0.000000000000000000e+00
9.993179582705775665e-01 -3.692720241128786413e-02 0.000000000000000000e+00 5.723519999999999719e-01 3.692720241128786413e-02 9.993179582705775665e-01 0.000000000000000000e+00 5.411070000000000046e-01 0.000000000000000000e+00 0.000000000000000000e+00 1.000000000000000000e+00 0.000000000000000000e+00
9.992924023579753401e-01 -3.761242600027783073e-02 0.000000000000000000e+00 5.861589999999999856e-01 3.761242600027783073e-02 9.992924023579753401e-01 0.000000000000000000e+00 5.516219999999999457e-01 0.000000000000000000e+00 0.000000000000000000e+00 1.000000000000000000e+00 0.000000000000000000e+00
9.992654456661193008e-01 -3.832191406613078694e-02 0.000000000000000000e+00 5.999600000000000488e-01 3.832191406613078694e-02 9.992654456661193008e-01 0.000000000000000000e+00 5.621509999999999563e-01 0.000000000000000000e+00 0.000000000000000000e+00 1.000000000000000000e+00 0.000000000000000000e+00
9.992383208775137415e-01 -3.902278936579130220e-02 0.000000000000000000e+00 6.141529999999999490e-01 3.902278936579130220e-02 9.992383208775137415e-01 0.000000000000000000e+00 5.727039999999999909e-01 0.000000000000000000e+00 0.000000000000000000e+00 1.000000000000000000e+00 0.000000000000000000e+00
9.992108872198829372e-01 -3.971904909806370232e-02 0.000000000000000000e+00 6.285830000000000028e-01 3.971904909806370232e-02 9.992108872198829372e-01 0.000000000000000000e+00 5.832760000000000167e-01 0.000000000000000000e+00 0.000000000000000000e+00 1.000000000000000000e+00 0.000000000000000000e+00
9.991830047885258415e-01 -4.041439028084949786e-02 0.000000000000000000e+00 6.433579999999999854e-01 4.041439028084949786e-02 9.991830047885258415e-01 0.000000000000000000e+00 5.938710000000000377e-01 0.000000000000000000e+00 0.000000000000000000e+00 1.000000000000000000e+00 0.000000000000000000e+00
9.991546179210492040e-01 -4.111021146919817404e-02 0.000000000000000000e+00 6.586419999999999497e-01 4.111021146919817404e-02 9.991546179210492040e-01 0.000000000000000000e+00 6.044969999999999510e-01 0.000000000000000000e+00 0.000000000000000000e+00 1.000000000000000000e+00 0.000000000000000000e+00
9.991257924766291376e-01 -4.180491368186028955e-02 0.000000000000000000e+00 6.742350000000000287e-01 4.180491368186028955e-02 9.991257924766291376e-01 0.000000000000000000e+00 6.151469999999999994e-01 0.000000000000000000e+00 0.000000000000000000e+00 1.000000000000000000e+00 0.000000000000000000e+00
9.990965350115627031e-01 -4.249839676845695163e-02 0.000000000000000000e+00 6.906799999999999606e-01 4.249839676845695163e-02 9.990965350115627031e-01 0.000000000000000000e+00 6.258439999999999559e-01 0.000000000000000000e+00 0.000000000000000000e+00 1.000000000000000000e+00 0.000000000000000000e+00
9.990668437174131666e-01 -4.319076040689545648e-02 0.000000000000000000e+00 7.082789999999999919e-01 4.319076040689545648e-02 9.990668437174131666e-01 0.000000000000000000e+00 6.366020000000000012e-01 0.000000000000000000e+00 0.000000000000000000e+00 1.000000000000000000e+00 0.000000000000000000e+00
9.990365804657104221e-01 -4.388520127993104231e-02 0.000000000000000000e+00 7.262920000000000487e-01 4.388520127993104231e-02 9.990365804657104221e-01 0.000000000000000000e+00 6.473900000000000210e-01 0.000000000000000000e+00 0.000000000000000000e+00 1.000000000000000000e+00 0.000000000000000000e+00
9.990056918556048382e-01 -4.458281776765984222e-02 0.000000000000000000e+00 7.444140000000000201e-01 4.458281776765984222e-02 9.990056918556048382e-01 0.000000000000000000e+00 6.581960000000000033e-01 0.000000000000000000e+00 0.000000000000000000e+00 1.000000000000000000e+00 0.000000000000000000e+00
9.989743523314866813e-01 -4.527961333631970453e-02 0.000000000000000000e+00 7.627880000000000216e-01 4.527961333631970453e-02 9.989743523314866813e-01 0.000000000000000000e+00 6.690260000000000096e-01 0.000000000000000000e+00 0.000000000000000000e+00 1.000000000000000000e+00 0.000000000000000000e+00
9.989426693221217235e-01 -4.597329015411159153e-02 0.000000000000000000e+00 7.808950000000000058e-01 4.597329015411159153e-02 9.989426693221217235e-01 0.000000000000000000e+00 6.798570000000000446e-01 0.000000000000000000e+00 0.000000000000000000e+00 1.000000000000000000e+00 0.000000000000000000e+00
9.989106959573297306e-01 -4.666284927051984194e-02 0.000000000000000000e+00 7.989939999999999820e-01 4.666284927051984194e-02 9.989106959573297306e-01 0.000000000000000000e+00 6.906999999999999806e-01 0.000000000000000000e+00 0.000000000000000000e+00 1.000000000000000000e+00 0.000000000000000000e+00
9.988783602403852324e-01 -4.734998884349561621e-02 0.000000000000000000e+00 8.173369999999999802e-01 4.734998884349561621e-02 9.988783602403852324e-01 0.000000000000000000e+00 7.015679999999999694e-01 0.000000000000000000e+00 0.000000000000000000e+00 1.000000000000000000e+00 0.000000000000000000e+00
9.988454269479648540e-01 -4.803970300842647784e-02 0.000000000000000000e+00 8.354080000000000394e-01 4.803970300842647784e-02 9.988454269479648540e-01 0.000000000000000000e+00 7.124359999999999582e-01 0.000000000000000000e+00 0.000000000000000000e+00 1.000000000000000000e+00 0.000000000000000000e+00
9.988120466532592889e-01 -4.872879498127702380e-02 0.000000000000000000e+00 8.534850000000000492e-01 4.872879498127702380e-02 9.988120466532592889e-01 0.000000000000000000e+00 7.233169999999999877e-01 0.000000000000000000e+00 0.000000000000000000e+00 1.000000000000000000e+00 0.000000000000000000e+00
9.987779932825380236e-01 -4.942185887344176937e-02 0.000000000000000000e+00 8.718150000000000066e-01 4.942185887344176937e-02 9.987779932825380236e-01 0.000000000000000000e+00 7.342229999999999590e-01 0.000000000000000000e+00 0.000000000000000000e+00 1.000000000000000000e+00 0.000000000000000000e+00
9.987433036420331200e-01 -5.011799507360242129e-02 0.000000000000000000e+00 8.898770000000000291e-01 5.011799507360242129e-02 9.987433036420331200e-01 0.000000000000000000e+00 7.451290000000000413e-01 0.000000000000000000e+00 0.000000000000000000e+00 1.000000000000000000e+00 0.000000000000000000e+00
9.987079865196478723e-01 -5.081690330855244409e-02 0.000000000000000000e+00 9.079319999999999613e-01 5.081690330855244409e-02 9.987079865196478723e-01 0.000000000000000000e+00 7.560470000000000246e-01 0.000000000000000000e+00 0.000000000000000000e+00 1.000000000000000000e+00 0.000000000000000000e+00
9.986721803099675165e-01 -5.151578665744755564e-02 0.000000000000000000e+00 9.262380000000000058e-01 5.151578665744755564e-02 9.986721803099675165e-01 0.000000000000000000e+00 7.669920000000000071e-01 0.000000000000000000e+00 0.000000000000000000e+00 1.000000000000000000e+00 0.000000000000000000e+00
9.986358902519865133e-01 -5.221454491444183638e-02 0.000000000000000000e+00 9.442760000000000042e-01 5.221454491444183638e-02 9.986358902519865133e-01 0.000000000000000000e+00 7.779359999999999609e-01 0.000000000000000000e+00 0.000000000000000000e+00 1.000000000000000000e+00 0.000000000000000000e+00
9.985990954077482717e-01 -5.291357718796656229e-02 0.000000000000000000e+00 9.623070000000000235e-01 5.291357718796656229e-02 9.985990954077482717e-01 0.000000000000000000e+00 7.888920000000000377e-01 0.000000000000000000e+00 0.000000000000000000e+00 1.000000000000000000e+00 0.000000000000000000e+00
9.985618326949267098e-01 -5.361218410911073456e-02 0.000000000000000000e+00 9.805899999999999617e-01 5.361218410911073456e-02 9.985618326949267098e-01 0.000000000000000000e+00 7.998750000000000027e-01 0.000000000000000000e+00 0.000000000000000000e+00 1.000000000000000000e+00 0.000000000000000000e+00
9.985243039116049601e-01 -5.430667084111042570e-02 0.000000000000000000e+00 9.986059999999999937e-01 5.430667084111042570e-02 9.985243039116049601e-01 0.000000000000000000e+00 8.108570000000000499e-01 0.000000000000000000e+00 0.000000000000000000e+00 1.000000000000000000e+00 0.000000000000000000e+00
9.984867156009876732e-01 -5.499344295779501346e-02 0.000000000000000000e+00 1.016610000000000014e+00 5.499344295779501346e-02 9.984867156009876732e-01 0.000000000000000000e+00 8.218509999999999982e-01 0.000000000000000000e+00 0.000000000000000000e+00 1.000000000000000000e+00 0.000000000000000000e+00
9.984487997025536243e-01 -5.567759309210533469e-02 0.000000000000000000e+00 1.034869999999999957e+00 5.567759309210533469e-02 9.984487997025536243e-01 0.000000000000000000e+00 8.328710000000000280e-01 0.000000000000000000e+00 0.000000000000000000e+00 1.000000000000000000e+00 0.000000000000000000e+00
9.984102797623883863e-01 -5.636411327067391425e-02 0.000000000000000000e+00 1.052850000000000064e+00 5.636411327067391425e-02 9.984102797623883863e-01 0.000000000000000000e+00 8.438890000000000002e-01 0.000000000000000000e+00 0.000000000000000000e+00 1.000000000000000000e+00 0.000000000000000000e+00
9.983711337398142316e-01 -5.705330240291155847e-02 0.000000000000000000e+00 1.070829999999999949e+00 5.705330240291155847e-02 9.983711337398142316e-01 0.000000000000000000e+00 8.549200000000000133e-01 0.000000000000000000e+00 0.000000000000000000e+00 1.000000000000000000e+00 0.000000000000000000e+00
9.983309633808855610e-01 -5.775194849520583901e-02 0.000000000000000000e+00 1.089069999999999983e+00 5.775194849520583901e-02 9.983309633808855610e-01 0.000000000000000000e+00 8.659790000000000543e-01 0.000000000000000000e+00 0.000000000000000000e+00 1.000000000000000000e+00 0.000000000000000000e+00
9.982902807389911759e-01 -5.845096562133172968e-02 0.000000000000000000e+00 1.107040000000000024e+00 5.845096562133172968e-02 9.982902807389911759e-01 0.000000000000000000e+00 8.770350000000000090e-01 0.000000000000000000e+00 0.000000000000000000e+00 1.000000000000000000e+00 0.000000000000000000e+00
9.982491086553181292e-01 -5.914995409011701566e-02 0.000000000000000000e+00 1.125000000000000000e+00 5.914995409011701566e-02 9.982491086553181292e-01 0.000000000000000000e+00 8.881040000000000045e-01 0.000000000000000000e+00 0.000000000000000000e+00 1.000000000000000000e+00 0.000000000000000000e+00
9.982074351802493473e-01 -5.984911320034985716e-02 0.000000000000000000e+00 1.143219999999999903e+00 5.984911320034985716e-02 9.982074351802493473e-01 0.000000000000000000e+00 8.992010000000000280e-01 0.000000000000000000e+00 0.000000000000000000e+00 1.000000000000000000e+00 0.000000000000000000e+00
9.981652659695722241e-01 -6.054834276752026068e-02 0.000000000000000000e+00 1.161159999999999970e+00 6.054834276752026068e-02 9.981652659695722241e-01 0.000000000000000000e+00 9.102949999999999653e-01 0.000000000000000000e+00 0.000000000000000000e+00 1.000000000000000000e+00 0.000000000000000000e+00
9.981226620813536954e-01 -6.124664431323387920e-02 0.000000000000000000e+00 1.179100000000000037e+00 6.124664431323387920e-02 9.981226620813536954e-01 0.000000000000000000e+00 9.214020000000000543e-01 0.000000000000000000e+00 0.000000000000000000e+00 1.000000000000000000e+00 0.000000000000000000e+00
9.980796192274530299e-01 -6.194411741870576443e-02 0.000000000000000000e+00 1.197289999999999965e+00 6.194411741870576443e-02 9.980796192274530299e-01 0.000000000000000000e+00 9.325369999999999493e-01 0.000000000000000000e+00 0.000000000000000000e+00 1.000000000000000000e+00 0.000000000000000000e+00
9.980362518545785599e-01 -6.263896538149517357e-02 0.000000000000000000e+00 1.215219999999999967e+00 6.263896538149517357e-02 9.980362518545785599e-01 0.000000000000000000e+00 9.436679999999999513e-01 0.000000000000000000e+00 0.000000000000000000e+00 1.000000000000000000e+00 0.000000000000000000e+00
9.979930340270317668e-01 -6.332380305635362805e-02 0.000000000000000000e+00 1.233130000000000059e+00 6.332380305635362805e-02 9.979930340270317668e-01 0.000000000000000000e+00 9.548119999999999941e-01 0.000000000000000000e+00 0.000000000000000000e+00 1.000000000000000000e+00 0.000000000000000000e+00
9.979495702981100447e-01 -6.400511809080226822e-02 0.000000000000000000e+00 1.251290000000000013e+00 6.400511809080226822e-02 9.979495702981100447e-01 0.000000000000000000e+00 9.659839999999999538e-01 0.000000000000000000e+00 0.000000000000000000e+00 1.000000000000000000e+00 0.000000000000000000e+00
9.979054926642121348e-01 -6.468869847659626526e-02 0.000000000000000000e+00 1.269179999999999975e+00 6.468869847659626526e-02 9.979054926642121348e-01 0.000000000000000000e+00 9.771520000000000206e-01 0.000000000000000000e+00 0.000000000000000000e+00 1.000000000000000000e+00 0.000000000000000000e+00
9.978604564681992084e-01 -6.537973246409917172e-02 0.000000000000000000e+00 1.287069999999999936e+00 6.537973246409917172e-02 9.978604564681992084e-01 0.000000000000000000e+00 9.883330000000000171e-01 0.000000000000000000e+00 0.000000000000000000e+00 1.000000000000000000e+00 0.000000000000000000e+00
9.978144461834099754e-01 -6.607821870854875546e-02 0.000000000000000000e+00 1.305220000000000047e+00 6.607821870854875546e-02 9.978144461834099754e-01 0.000000000000000000e+00 9.995429999999999593e-01 0.000000000000000000e+00 0.000000000000000000e+00 1.000000000000000000e+00 0.000000000000000000e+00
9.977679336142076805e-01 -6.677687212826055596e-02 0.000000000000000000e+00 1.323099999999999943e+00 6.677687212826055596e-02 9.977679336142076805e-01 0.000000000000000000e+00 1.010750000000000037e+00 0.000000000000000000e+00 0.000000000000000000e+00 1.000000000000000000e+00 0.000000000000000000e+00
9.977209318593229792e-01 -6.747549280860615228e-02 0.000000000000000000e+00 1.340969999999999995e+00 6.747549280860615228e-02 9.977209318593229792e-01 0.000000000000000000e+00 1.021970000000000045e+00 0.000000000000000000e+00 0.000000000000000000e+00 1.000000000000000000e+00 0.000000000000000000e+00
9.976734409417997718e-01 -6.817408040706578187e-02 0.000000000000000000e+00 1.359089999999999909e+00 6.817408040706578187e-02 9.976734409417997718e-01 0.000000000000000000e+00 1.033220000000000027e+00 0.000000000000000000e+00 0.000000000000000000e+00 1.000000000000000000e+00 0.000000000000000000e+00
9.976254746594290790e-01 -6.887243505604237481e-02 0.000000000000000000e+00 1.376940000000000053e+00 6.887243505604237481e-02 9.976254746594290790e-01 0.000000000000000000e+00 1.044459999999999944e+00 0.000000000000000000e+00 0.000000000000000000e+00 1.000000000000000000e+00 0.000000000000000000e+00
9.975770612828698258e-01 -6.957015741130290198e-02 0.000000000000000000e+00 1.394789999999999974e+00 6.957015741130290198e-02 9.975770612828698258e-01 0.000000000000000000e+00 1.055719999999999992e+00 0.000000000000000000e+00 0.000000000000000000e+00 1.000000000000000000e+00 0.000000000000000000e+00
9.975282231718330950e-01 -7.026694796022917022e-02 0.000000000000000000e+00 1.412879999999999914e+00 7.026694796022917022e-02 9.975282231718330950e-01 0.000000000000000000e+00 1.066999999999999948e+00 0.000000000000000000e+00 0.000000000000000000e+00 1.000000000000000000e+00 0.000000000000000000e+00
9.900568363336740285e-01 -1.406679097340847728e-01 0.000000000000000000e+00 1.525539999999999896e+00 1.406679097340847728e-01 9.900568363336740285e-01 0.000000000000000000e+00 1.086940000000000017e+00 0.000000000000000000e+00 0.000000000000000000e+00 1.000000000000000000e+00 0.000000000000000000e+00
9.846774012560864930e-01 -1.743858235509988808e-01 0.000000000000000000e+00 1.550899999999999945e+00 1.743858235509988808e-01 9.846774012560864930e-01 0.000000000000000000e+00 1.100940000000000030e+00 0.000000000000000000e+00 0.000000000000000000e+00 1.000000000000000000e+00 0.000000000000000000e+00
9.808035250267456151e-01 -1.949985776745818411e-01 0.000000000000000000e+00 1.567649999999999988e+00 1.949985776745818411e-01 9.808035250267456151e-01 0.000000000000000000e+00 1.114149999999999974e+00 0.000000000000000000e+00 0.000000000000000000e+00 1.000000000000000000e+00 0.000000000000000000e+00
9.758902472216689494e-01 -2.182618275778653583e-01 0.000000000000000000e+00 1.583890000000000020e+00 2.182618275778653583e-01 9.758902472216689494e-01 0.000000000000000000e+00 1.127669999999999950e+00 0.000000000000000000e+00 0.000000000000000000e+00 1.000000000000000000e+00 0.000000000000000000e+00
9.700601430105696421e-01 -2.428648161885810508e-01 0.000000000000000000e+00 1.599830000000000085e+00 2.428648161885810508e-01 9.700601430105696421e-01 0.000000000000000000e+00 1.141590000000000105e+00 0.000000000000000000e+00 0.000000000000000000e+00 1.000000000000000000e+00 0.000000000000000000e+00
9.630175770019855364e-01 -2.694385762752336544e-01 0.000000000000000000e+00 1.615680000000000005e+00 2.694385762752336544e-01 9.630175770019855364e-01 0.000000000000000000e+00 1.155999999999999917e+00 0.000000000000000000e+00 0.000000000000000000e+00 1.000000000000000000e+00 0.000000000000000000e+00
9.556807105974460814e-01 -2.944051279987500713e-01 0.000000000000000000e+00 1.630800000000000027e+00 2.944051279987500713e-01 9.556807105974460814e-01 0.000000000000000000e+00 1.170719999999999983e+00 0.000000000000000000e+00 0.000000000000000000e+00 1.000000000000000000e+00 0.000000000000000000e+00
9.469533461236860905e-01 -3.213710632044434190e-01 0.000000000000000000e+00 1.645659999999999901e+00 3.213710632044434190e-01 9.469533461236860905e-01 0.000000000000000000e+00 1.185890000000000111e+00 0.000000000000000000e+00 0.000000000000000000e+00 1.000000000000000000e+00 0.000000000000000000e+00
9.362057596810914317e-01 -3.514523801881992426e-01 0.000000000000000000e+00 1.660349999999999993e+00 3.514523801881992426e-01 9.362057596810914317e-01 0.000000000000000000e+00 1.201580000000000092e+00 0.000000000000000000e+00 0.000000000000000000e+00 1.000000000000000000e+00 0.000000000000000000e+00
9.245691828638535892e-01 -3.810142072134136693e-01 0.000000000000000000e+00 1.674160000000000093e+00 3.810142072134136693e-01 9.245691828638535892e-01 0.000000000000000000e+00 1.217580000000000107e+00 0.000000000000000000e+00 0.000000000000000000e+00 1.000000000000000000e+00 0.000000000000000000e+00
9.116652297384409964e-01 -4.109337037600537812e-01 0.000000000000000000e+00 1.687340000000000062e+00 4.109337037600537812e-01 9.116652297384409964e-01 0.000000000000000000e+00 1.233980000000000077e+00 0.000000000000000000e+00 0.000000000000000000e+00 1.000000000000000000e+00 0.000000000000000000e+00
8.970075663268812782e-01 -4.420151874679484894e-01 0.000000000000000000e+00 1.700099999999999945e+00 4.420151874679484894e-01 8.970075663268812782e-01 0.000000000000000000e+00 1.250860000000000083e+00 0.000000000000000000e+00 0.000000000000000000e+00 1.000000000000000000e+00 0.000000000000000000e+00
8.817382262759292377e-01 -4.717390171734559545e-01 0.000000000000000000e+00 1.712040000000000006e+00 4.717390171734559545e-01 8.817382262759292377e-01 0.000000000000000000e+00 1.268040000000000056e+00 0.000000000000000000e+00 0.000000000000000000e+00 1.000000000000000000e+00 0.000000000000000000e+00
8.654487168343407699e-01 -5.009975234767065633e-01 0.000000000000000000e+00 1.723389999999999977e+00 5.009975234767065633e-01 8.654487168343407699e-01 0.000000000000000000e+00 1.285619999999999985e+00 0.000000000000000000e+00 0.000000000000000000e+00 1.000000000000000000e+00 0.000000000000000000e+00
7.029703377049365542e-01 -7.112191675615944231e-01 0.000000000000000000e+00 1.779940000000000078e+00 7.112191675615944231e-01 7.029703377049365542e-01 0.000000000000000000e+00 1.340160000000000018e+00 0.000000000000000000e+00 0.000000000000000000e+00 1.000000000000000000e+00 0.000000000000000000e+00
2.122299472923221686e-01 -9.772197549539705097e-01 0.000000000000000000e+00 1.847229999999999928e+00 9.772197549539705097e-01 2.122299472923221686e-01 0.000000000000000000e+00 1.477570000000000050e+00 0.000000000000000000e+00 0.000000000000000000e+00 1.000000000000000000e+00 0.000000000000000000e+00
-1.688212916145704623e-01 -9.856466768054301664e-01 0.000000000000000000e+00 1.839800000000000102e+00 9.856466768054301664e-01 -1.688212916145704623e-01 0.000000000000000000e+00 1.623930000000000096e+00 0.000000000000000000e+00 0.000000000000000000e+00 1.000000000000000000e+00 0.000000000000000000e+00
-1.848641944569500983e-01 -9.827640762704866750e-01 0.000000000000000000e+00 1.826770000000000005e+00 9.827640762704866750e-01 -1.848641944569500983e-01 0.000000000000000000e+00 1.640330000000000066e+00 0.000000000000000000e+00 0.000000000000000000e+00 1.000000000000000000e+00 0.000000000000000000e+00
-1.994961159030441411e-01 -9.798986170719903299e-01 0.000000000000000000e+00 1.813420000000000032e+00 9.798986170719903299e-01 -1.994961159030441411e-01 0.000000000000000000e+00 1.656889999999999974e+00 0.000000000000000000e+00 0.000000000000000000e+00 1.000000000000000000e+00 0.000000000000000000e+00
-2.128722732912272653e-01 -9.770800352396036281e-01 0.000000000000000000e+00 1.799879999999999924e+00 9.770800352396036281e-01 -2.128722732912272653e-01 0.000000000000000000e+00 1.672970000000000068e+00 0.000000000000000000e+00 0.000000000000000000e+00 1.000000000000000000e+00 0.000000000000000000e+00
-2.378421792134124968e-01 -9.713038133287724696e-01 0.000000000000000000e+00 1.784100000000000019e+00 9.713038133287724696e-01 -2.378421792134124968e-01 0.000000000000000000e+00 1.697370000000000045e+00 0.000000000000000000e+00 0.000000000000000000e+00 1.000000000000000000e+00 0.000000000000000000e+00
-2.496256749776616934e-01 -9.683424096836545925e-01 0.000000000000000000e+00 1.769949999999999912e+00 9.683424096836545925e-01 -2.496256749776616934e-01 0.000000000000000000e+00 1.712930000000000064e+00 0.000000000000000000e+00 0.000000000000000000e+00 1.000000000000000000e+00 0.000000000000000000e+00
-2.697021182887391899e-01 -9.629438028205835609e-01 0.000000000000000000e+00 1.753290000000000015e+00 9.629438028205835609e-01 -2.697021182887391899e-01 0.000000000000000000e+00 1.736769999999999925e+00 0.000000000000000000e+00 0.000000000000000000e+00 1.000000000000000000e+00 0.000000000000000000e+00
-2.798555782691105609e-01 -9.600421112178683103e-01 0.000000000000000000e+00 1.738639999999999963e+00 9.600421112178683103e-01 -2.798555782691105609e-01 0.000000000000000000e+00 1.751859999999999973e+00 0.000000000000000000e+00 0.000000000000000000e+00 1.000000000000000000e+00 0.000000000000000000e+00
-2.996766156865270370e-01 -9.540408408504688076e-01 0.000000000000000000e+00 1.721249999999999947e+00 9.540408408504688076e-01 -2.996766156865270370e-01 0.000000000000000000e+00 1.775160000000000071e+00 0.000000000000000000e+00 0.000000000000000000e+00 1.000000000000000000e+00 0.000000000000000000e+00
-3.097343908692887782e-01 -9.508231208341699769e-01 0.000000000000000000e+00 1.706120000000000081e+00 9.508231208341699769e-01 -3.097343908692887782e-01 0.000000000000000000e+00 1.789800000000000058e+00 0.000000000000000000e+00 0.000000000000000000e+00 1.000000000000000000e+00 0.000000000000000000e+00
