9.999540069477131921e-01 -9.590828390335408987e-03 0.000000000000000000e+00 -8.112955458349999205e+00 9.590828390335408987e-03 9.999540069477131921e-01 0.000000000000000000e+00 -3.353852604949999865e-03 0.000000000000000000e+00 0.000000000000000000e+00 1.000000000000000000e+00 0.000000000000000000e+00
9.999533494852219651e-01 -9.659133153943197034e-03 0.000000000000000000e+00 -8.109781361319996051e+00 9.659133153943197034e-03 9.999533494852219651e-01 0.000000000000000000e+00 -3.323792729179977142e-03 0.000000000000000000e+00 0.000000000000000000e+00 1.000000000000000000e+00 0.000000000000000000e+00
9.999514933790825122e-01 -9.849410588596330812e-03 0.000000000000000000e+00 -8.095138094149994856e+00 9.849410588596330812e-03 9.999514933790825122e-01 0.000000000000000000e+00 -3.179907628609954066e-03 0.000000000000000000e+00 0.000000000000000000e+00 1.000000000000000000e+00 0.000000000000000000e+00
9.999476081337189681e-01 -1.023625847926925778e-02 0.000000000000000000e+00 -8.083905965919994330e+00 1.023625847926925778e-02 9.999476081337189681e-01 0.000000000000000000e+00 -3.069518635909963822e-03 0.000000000000000000e+00 0.000000000000000000e+00 1.000000000000000000e+00 0.000000000000000000e+00
9.999469852952391768e-01 -1.029692181978624811e-02 0.000000000000000000e+00 -8.052696417169993737e+00 1.029692181978624811e-02 9.999469852952391768e-01 0.000000000000000000e+00 -2.748563655619954034e-03 0.000000000000000000e+00 0.000000000000000000e+00 1.000000000000000000e+00 0.000000000000000000e+00
9.999391488531262917e-01 -1.103170843003994581e-02 0.000000000000000000e+00 -8.004541944275237242e+00 1.103170843003994581e-02 9.999391488531262917e-01 0.000000000000000000e+00 7.746023463950312514e-03 0.000000000000000000e+00 0.000000000000000000e+00 1.000000000000000000e+00 0.000000000000000000e+00
9.999304654856289165e-01 -1.179254822730791026e-02 0.000000000000000000e+00 -7.954615406587930870e+00 1.179254822730791026e-02 9.999304654856289165e-01 0.000000000000000000e+00 1.829941222021296693e-02 0.000000000000000000e+00 0.000000000000000000e+00 1.000000000000000000e+00 0.000000000000000000e+00
9.999215130708480892e-01 -1.252867503393060439e-02 0.000000000000000000e+00 -7.904847970399615065e+00 1.252867503393060439e-02 9.999215130708480892e-01 0.000000000000000000e+00 2.888774436557304051e-02 0.000000000000000000e+00 0.000000000000000000e+00 1.000000000000000000e+00 0.000000000000000000e+00
9.999054352564137327e-01 -1.375211055372573855e-02 0.000000000000000000e+00 -7.854994491738301221e+00 1.375211055372573855e-02 9.999054352564137327e-01 0.000000000000000000e+00 3.952485325727043280e-02 0.000000000000000000e+00 0.000000000000000000e+00 1.000000000000000000e+00 0.000000000000000000e+00
9.998952215963585743e-01 -1.447569786811712424e-02 0.000000000000000000e+00 -7.805095634448315778e+00 1.447569786811712424e-02 9.998952215963585743e-01 0.000000000000000000e+00 5.021256273852590934e-02 0.000000000000000000e+00 0.000000000000000000e+00 1.000000000000000000e+00 0.000000000000000000e+00
9.998822697961229355e-01 -1.534426757304490838e-02 0.000000000000000000e+00 -7.755365519379278538e+00 1.534426757304490838e-02 9.998822697961229355e-01 0.000000000000000000e+00 6.093482111560143133e-02 0.000000000000000000e+00 0.000000000000000000e+00 1.000000000000000000e+00 0.000000000000000000e+00
9.998648932594601524e-01 -1.643761622767539801e-02 0.000000000000000000e+00 -7.705532241918422010e+00 1.643761622767539801e-02 9.998648932594601524e-01 0.000000000000000000e+00 7.171395121594298372e-02 0.000000000000000000e+00 0.000000000000000000e+00 1.000000000000000000e+00 0.000000000000000000e+00
9.998526568415324611e-01 -1.716579759080902670e-02 0.000000000000000000e+00 -7.655664623553928294e+00 1.716579759080902670e-02 9.998526568415324611e-01 0.000000000000000000e+00 8.253569837073075621e-02 0.000000000000000000e+00 0.000000000000000000e+00 1.000000000000000000e+00 0.000000000000000000e+00
9.998312074491816359e-01 -1.837271375468042464e-02 0.000000000000000000e+00 -7.606011529614547406e+00 1.837271375468042464e-02 9.998312074491816359e-01 0.000000000000000000e+00 9.339758237114055561e-02 0.000000000000000000e+00 0.000000000000000000e+00 1.000000000000000000e+00 0.000000000000000000e+00
9.998176325643201023e-01 -1.909716244571715502e-02 0.000000000000000000e+00 -7.556160614272365628e+00 1.909716244571715502e-02 9.998176325643201023e-01 0.000000000000000000e+00 1.043158364708575425e-01 0.000000000000000000e+00 0.000000000000000000e+00 1.000000000000000000e+00 0.000000000000000000e+00
9.998028463033062918e-01 -1.985619610618279823e-02 0.000000000000000000e+00 -7.506321023556242977e+00 1.985619610618279823e-02 9.998028463033062918e-01 0.000000000000000000e+00 1.152705384608373879e-01 0.000000000000000000e+00 0.000000000000000000e+00 1.000000000000000000e+00 0.000000000000000000e+00
9.997786819851265383e-01 -2.103775292380919565e-02 0.000000000000000000e+00 -7.456695577432101985e+00 2.103775292380919565e-02 9.997786819851265383e-01 0.000000000000000000e+00 1.262725684237767931e-01 0.000000000000000000e+00 0.000000000000000000e+00 1.000000000000000000e+00 0.000000000000000000e+00
9.997631747871525976e-01 -2.176222276132171868e-02 0.000000000000000000e+00 -7.406877626600390840e+00 2.176222276132171868e-02 9.997631747871525976e-01 0.000000000000000000e+00 1.373235698394851545e-01 0.000000000000000000e+00 0.000000000000000000e+00 1.000000000000000000e+00 0.000000000000000000e+00
9.997360358840317041e-01 -2.297517257567370172e-02 0.000000000000000000e+00 -7.357126452015616103e+00 2.297517257567370172e-02 9.997360358840317041e-01 0.000000000000000000e+00 1.484134930464122426e-01 0.000000000000000000e+00 0.000000000000000000e+00 1.000000000000000000e+00 0.000000000000000000e+00
9.997187732616361622e-01 -2.371443417518808924e-02 0.000000000000000000e+00 -7.307476206041424227e+00 2.371443417518808924e-02 9.997187732616361622e-01 0.000000000000000000e+00 1.595582379630949565e-01 0.000000000000000000e+00 0.000000000000000000e+00 1.000000000000000000e+00 0.000000000000000000e+00
9.997010069606954152e-01 -2.445192593174484730e-02 0.000000000000000000e+00 -7.257688444157286867e+00 2.445192593174484730e-02 9.997010069606954152e-01 0.000000000000000000e+00 1.707428222064867607e-01 0.000000000000000000e+00 0.000000000000000000e+00 1.000000000000000000e+00 0.000000000000000000e+00
9.996705209880953902e-01 -2.566806317956069061e-02 0.000000000000000000e+00 -7.207965586557626203e+00 2.566806317956069061e-02 9.996705209880953902e-01 0.000000000000000000e+00 1.819741843567284634e-01 0.000000000000000000e+00 0.000000000000000000e+00 1.000000000000000000e+00 0.000000000000000000e+00
9.996516066722518357e-01 -2.639441754586696609e-02 0.000000000000000000e+00 -7.158348304942218299e+00 2.639441754586696609e-02 9.996516066722518357e-01 0.000000000000000000e+00 1.932512690265888455e-01 0.000000000000000000e+00 0.000000000000000000e+00 1.000000000000000000e+00 0.000000000000000000e+00
9.996268561952009746e-01 -2.731571659867069318e-02 0.000000000000000000e+00 -7.108607853777240138e+00 2.731571659867069318e-02 9.996268561952009746e-01 0.000000000000000000e+00 2.045696088255360423e-01 0.000000000000000000e+00 0.000000000000000000e+00 1.000000000000000000e+00 0.000000000000000000e+00
9.995987369534622413e-01 -2.832604951353215675e-02 0.000000000000000000e+00 -7.058896870001307278e+00 2.832604951353215675e-02 9.995987369534622413e-01 0.000000000000000000e+00 2.159431847948942440e-01 0.000000000000000000e+00 0.000000000000000000e+00 1.000000000000000000e+00 0.000000000000000000e+00
9.995778166164946965e-01 -2.905492261564726619e-02 0.000000000000000000e+00 -7.009311446013376745e+00 2.905492261564726619e-02 9.995778166164946965e-01 0.000000000000000000e+00 2.273529186571670857e-01 0.000000000000000000e+00 0.000000000000000000e+00 1.000000000000000000e+00 0.000000000000000000e+00
9.995421091346518017e-01 -3.025842141705001320e-02 0.000000000000000000e+00 -6.959640964810710706e+00 3.025842141705001320e-02 9.995421091346518017e-01 0.000000000000000000e+00 2.388095531818114903e-01 0.000000000000000000e+00 0.000000000000000000e+00 1.000000000000000000e+00 0.000000000000000000e+00
9.995199465094535274e-01 -3.098187421282238771e-02 0.000000000000000000e+00 -6.909923821900934904e+00 3.098187421282238771e-02 9.995199465094535274e-01 0.000000000000000000e+00 2.503196762557118316e-01 0.000000000000000000e+00 0.000000000000000000e+00 1.000000000000000000e+00 0.000000000000000000e+00
9.994958751844692513e-01 -3.174894469477405889e-02 0.000000000000000000e+00 -6.860368063423461393e+00 3.174894469477405889e-02 9.994958751844692513e-01 0.000000000000000000e+00 2.618614941165632315e-01 0.000000000000000000e+00 0.000000000000000000e+00 1.000000000000000000e+00 0.000000000000000000e+00
9.994576953211106174e-01 -3.292894264038888352e-02 0.000000000000000000e+00 -6.810727497410090869e+00 3.292894264038888352e-02 9.994576953211106174e-01 0.000000000000000000e+00 2.734584605413959424e-01 0.000000000000000000e+00 0.000000000000000000e+00 1.000000000000000000e+00 0.000000000000000000e+00
9.994335625927389666e-01 -3.365343909893347280e-02 0.000000000000000000e+00 -6.761044730912381340e+00 3.365343909893347280e-02 9.994335625927389666e-01 0.000000000000000000e+00 2.851012827663891858e-01 0.000000000000000000e+00 0.000000000000000000e+00 1.000000000000000000e+00 0.000000000000000000e+00
9.993918993996352418e-01 -3.486877420256216664e-02 0.000000000000000000e+00 -6.711579644910164788e+00 3.486877420256216664e-02 9.993918993996352418e-01 0.000000000000000000e+00 2.967778272502656356e-01 0.000000000000000000e+00 0.000000000000000000e+00 1.000000000000000000e+00 0.000000000000000000e+00
9.993660894608656919e-01 -3.560083195231616288e-02 0.000000000000000000e+00 -6.661915006292450592e+00 3.560083195231616288e-02 9.993660894608656919e-01 0.000000000000000000e+00 3.085175265650993426e-01 0.000000000000000000e+00 0.000000000000000000e+00 1.000000000000000000e+00 0.000000000000000000e+00
9.993394574371393668e-01 -3.634073209559578882e-02 0.000000000000000000e+00 -6.612263586963390338e+00 3.634073209559578882e-02 9.993394574371393668e-01 0.000000000000000000e+00 3.202934036386265171e-01 0.000000000000000000e+00 0.000000000000000000e+00 1.000000000000000000e+00 0.000000000000000000e+00
9.992946276029658348e-01 -3.755325876471676816e-02 0.000000000000000000e+00 -6.562828208364056337e+00 3.755325876471676816e-02 9.992946276029658348e-01 0.000000000000000000e+00 3.321096153376036364e-01 0.000000000000000000e+00 0.000000000000000000e+00 1.000000000000000000e+00 0.000000000000000000e+00
9.992672038808612101e-01 -3.827604013120067261e-02 0.000000000000000000e+00 -6.513198678629059657e+00 3.827604013120067261e-02 9.992672038808612101e-01 0.000000000000000000e+00 3.439822038341058819e-01 0.000000000000000000e+00 0.000000000000000000e+00 1.000000000000000000e+00 0.000000000000000000e+00
9.992283964333539270e-01 -3.927609656302621932e-02 0.000000000000000000e+00 -6.463608133161845792e+00 3.927609656302621932e-02 9.992283964333539270e-01 0.000000000000000000e+00 3.558910069003097809e-01 0.000000000000000000e+00 0.000000000000000000e+00 1.000000000000000000e+00 0.000000000000000000e+00
9.991914907327039685e-01 -4.020404018698700566e-02 0.000000000000000000e+00 -6.414174950905559669e+00 4.020404018698700566e-02 9.991914907327039685e-01 0.000000000000000000e+00 3.678502429801802642e-01 0.000000000000000000e+00 0.000000000000000000e+00 1.000000000000000000e+00 0.000000000000000000e+00
9.991618560980560781e-01 -4.093391404065271910e-02 0.000000000000000000e+00 -6.364578824207876906e+00 4.093391404065271910e-02 9.991618560980560781e-01 0.000000000000000000e+00 3.798545398241940929e-01 0.000000000000000000e+00 0.000000000000000000e+00 1.000000000000000000e+00 0.000000000000000000e+00
9.991120046145227640e-01 -4.213314888718615314e-02 0.000000000000000000e+00 -6.315048000298923547e+00 4.213314888718615314e-02 9.991120046145227640e-01 0.000000000000000000e+00 3.919013866995428863e-01 0.000000000000000000e+00 0.000000000000000000e+00 1.000000000000000000e+00 0.000000000000000000e+00
9.990812764190788453e-01 -4.285560767069138133e-02 0.000000000000000000e+00 -6.265621404151109353e+00 4.285560767069138133e-02 9.990812764190788453e-01 0.000000000000000000e+00 4.039950919555280184e-01 0.000000000000000000e+00 0.000000000000000000e+00 1.000000000000000000e+00 0.000000000000000000e+00
9.990475365765978388e-01 -4.363507373926924643e-02 0.000000000000000000e+00 -6.216057174734309854e+00 4.363507373926924643e-02 9.990475365765978388e-01 0.000000000000000000e+00 4.161313621471786628e-01 0.000000000000000000e+00 0.000000000000000000e+00 1.000000000000000000e+00 0.000000000000000000e+00
9.989958522550341780e-01 -4.480275858960056090e-02 0.000000000000000000e+00 -6.166557780910533637e+00 4.480275858960056090e-02 9.989958522550341780e-01 0.000000000000000000e+00 4.283181838048438772e-01 0.000000000000000000e+00 0.000000000000000000e+00 1.000000000000000000e+00 0.000000000000000000e+00
9.989630963713627132e-01 -4.552726752331471421e-02 0.000000000000000000e+00 -6.117166858691805764e+00 4.552726752331471421e-02 9.989630963713627132e-01 0.000000000000000000e+00 4.405438259372922993e-01 0.000000000000000000e+00 0.000000000000000000e+00 1.000000000000000000e+00 0.000000000000000000e+00
9.989069978511467829e-01 -4.674194737074083283e-02 0.000000000000000000e+00 -6.067694436505755462e+00 4.674194737074083283e-02 9.989069978511467829e-01 0.000000000000000000e+00 4.528148867316086901e-01 0.000000000000000000e+00 0.000000000000000000e+00 1.000000000000000000e+00 0.000000000000000000e+00
9.988726813910165925e-01 -4.746963630280640750e-02 0.000000000000000000e+00 -6.018172753249572793e+00 4.746963630280640750e-02 9.988726813910165925e-01 0.000000000000000000e+00 4.651437710859659957e-01 0.000000000000000000e+00 0.000000000000000000e+00 1.000000000000000000e+00 0.000000000000000000e+00
9.988371301961790349e-01 -4.821190041329333209e-02 0.000000000000000000e+00 -5.968814318880555803e+00 4.821190041329333209e-02 9.988371301961790349e-01 0.000000000000000000e+00 4.775015290152585523e-01 0.000000000000000000e+00 0.000000000000000000e+00 1.000000000000000000e+00 0.000000000000000000e+00
9.987781803617152843e-01 -4.941807800128306810e-02 0.000000000000000000e+00 -5.919373288527912891e+00 4.941807800128306810e-02 9.987781803617152843e-01 0.000000000000000000e+00 4.899120247876250778e-01 0.000000000000000000e+00 0.000000000000000000e+00 1.000000000000000000e+00 0.000000000000000000e+00
9.987421808953758084e-01 -5.014036398300640573e-02 0.000000000000000000e+00 -5.869888593863269222e+00 5.014036398300640573e-02 9.987421808953758084e-01 0.000000000000000000e+00 5.023731495564343064e-01 0.000000000000000000e+00 0.000000000000000000e+00 1.000000000000000000e+00 0.000000000000000000e+00
9.986878591160285312e-01 -5.121093686160820696e-02 0.000000000000000000e+00 -5.820604163018016308e+00 5.121093686160820696e-02 9.986878591160285312e-01 0.000000000000000000e+00 5.148624427292313177e-01 0.000000000000000000e+00 0.000000000000000000e+00 1.000000000000000000e+00 0.000000000000000000e+00
9.986437567201320586e-01 -5.206387580560824235e-02 0.000000000000000000e+00 -5.771156392831754189e+00 5.206387580560824235e-02 9.986437567201320586e-01 0.000000000000000000e+00 5.274168433356239971e-01 0.000000000000000000e+00 0.000000000000000000e+00 1.000000000000000000e+00 0.000000000000000000e+00
9.986053888013124435e-01 -5.279467261930491373e-02 0.000000000000000000e+00 -5.721706261846589925e+00 5.279467261930491373e-02 9.986053888013124435e-01 0.000000000000000000e+00 5.400091368295624195e-01 0.000000000000000000e+00 0.000000000000000000e+00 1.000000000000000000e+00 0.000000000000000000e+00
9.985415289934032046e-01 -5.398902550997203287e-02 0.000000000000000000e+00 -5.672471630134546139e+00 5.398902550997203287e-02 9.985415289934032046e-01 0.000000000000000000e+00 5.526358724254307742e-01 0.000000000000000000e+00 0.000000000000000000e+00 1.000000000000000000e+00 0.000000000000000000e+00
9.985022347694751943e-01 -5.471094187055981078e-02 0.000000000000000000e+00 -5.623042727285785247e+00 5.471094187055981078e-02 9.985022347694751943e-01 0.000000000000000000e+00 5.653234583109097988e-01 0.000000000000000000e+00 0.000000000000000000e+00 1.000000000000000000e+00 0.000000000000000000e+00
9.984582112666673392e-01 -5.550856108896262686e-02 0.000000000000000000e+00 -5.573627748237129254e+00 5.550856108896262686e-02 9.984582112666673392e-01 0.000000000000000000e+00 5.780471706299421530e-01 0.000000000000000000e+00 0.000000000000000000e+00 1.000000000000000000e+00 0.000000000000000000e+00
9.991482701155572910e-01 -4.126420149584226343e-02 0.000000000000000000e+00 -5.524409940464675373e+00 4.126420149584226343e-02 9.991482701155572910e-01 0.000000000000000000e+00 5.905634176595876417e-01 0.000000000000000000e+00 0.000000000000000000e+00 1.000000000000000000e+00 0.000000000000000000e+00
9.991219412587960536e-01 -4.189685543397002332e-02 0.000000000000000000e+00 -5.474825786658756854e+00 4.189685543397002332e-02 9.991219412587960536e-01 0.000000000000000000e+00 6.026161233093821901e-01 0.000000000000000000e+00 0.000000000000000000e+00 1.000000000000000000e+00 0.000000000000000000e+00
9.990724493224023561e-01 -4.306089879386883895e-02 0.000000000000000000e+00 -5.425307606081834599e+00 4.306089879386883895e-02 9.990724493224023561e-01 0.000000000000000000e+00 6.147088102391847775e-01 0.000000000000000000e+00 0.000000000000000000e+00 1.000000000000000000e+00 0.000000000000000000e+00
9.990406474215668409e-01 -4.379251990347815537e-02 0.000000000000000000e+00 -5.375890543574306513e+00 4.379251990347815537e-02 9.990406474215668409e-01 0.000000000000000000e+00 6.268487563258283712e-01 0.000000000000000000e+00 0.000000000000000000e+00 1.000000000000000000e+00 0.000000000000000000e+00
9.990064987445991251e-01 -4.456473343415533195e-02 0.000000000000000000e+00 -5.326338033537640015e+00 4.456473343415533195e-02 9.990064987445991251e-01 0.000000000000000000e+00 6.390318785159223580e-01 0.000000000000000000e+00 0.000000000000000000e+00 1.000000000000000000e+00 0.000000000000000000e+00
9.989533449551603050e-01 -4.574073242632224756e-02 0.000000000000000000e+00 -5.276852319724331331e+00 4.574073242632224756e-02 9.989533449551603050e-01 0.000000000000000000e+00 6.512636255831446563e-01 0.000000000000000000e+00 0.000000000000000000e+00 1.000000000000000000e+00 0.000000000000000000e+00
9.989193285767411501e-01 -4.647768277133217107e-02 0.000000000000000000e+00 -5.227472027085179995e+00 4.647768277133217107e-02 9.989193285767411501e-01 0.000000000000000000e+00 6.635357531292368494e-01 0.000000000000000000e+00 0.000000000000000000e+00 1.000000000000000000e+00 0.000000000000000000e+00
9.988629840983022090e-01 -4.767325244028120662e-02 0.000000000000000000e+00 -5.178011540255540446e+00 4.767325244028120662e-02 9.988629840983022090e-01 0.000000000000000000e+00 6.758532102062110303e-01 0.000000000000000000e+00 0.000000000000000000e+00 1.000000000000000000e+00 0.000000000000000000e+00
9.988257085379820266e-01 -4.844795107740004075e-02 0.000000000000000000e+00 -5.128503470256926100e+00 4.844795107740004075e-02 9.988257085379820266e-01 0.000000000000000000e+00 6.882296018682225736e-01 0.000000000000000000e+00 0.000000000000000000e+00 1.000000000000000000e+00 0.000000000000000000e+00
9.987886678688241426e-01 -4.920565960151024321e-02 0.000000000000000000e+00 -5.079158002337571531e+00 4.920565960151024321e-02 9.987886678688241426e-01 0.000000000000000000e+00 7.006362030018644660e-01 0.000000000000000000e+00 0.000000000000000000e+00 1.000000000000000000e+00 0.000000000000000000e+00
9.987264792275811764e-01 -5.045215247816381421e-02 0.000000000000000000e+00 -5.029731852868316366e+00 5.045215247816381421e-02 9.987264792275811764e-01 0.000000000000000000e+00 7.130963607486432432e-01 0.000000000000000000e+00 0.000000000000000000e+00 1.000000000000000000e+00 0.000000000000000000e+00
9.986883226568545879e-01 -5.120189634025584108e-02 0.000000000000000000e+00 -4.980258067399915944e+00 5.120189634025584108e-02 9.986883226568545879e-01 0.000000000000000000e+00 7.256093573237037964e-01 0.000000000000000000e+00 0.000000000000000000e+00 1.000000000000000000e+00 0.000000000000000000e+00
9.986372587015585056e-01 -5.218836587819751516e-02 0.000000000000000000e+00 -4.930963551617035812e+00 5.218836587819751516e-02 9.986372587015585056e-01 0.000000000000000000e+00 7.381521867123039815e-01 0.000000000000000000e+00 0.000000000000000000e+00 1.000000000000000000e+00 0.000000000000000000e+00
9.985818572383533542e-01 -5.323790373785298319e-02 0.000000000000000000e+00 -4.881556084746331514e+00 5.323790373785298319e-02 9.985818572383533542e-01 0.000000000000000000e+00 7.507601478466858769e-01 0.000000000000000000e+00 0.000000000000000000e+00 1.000000000000000000e+00 0.000000000000000000e+00
9.985413871979995637e-01 -5.399164799017285715e-02 0.000000000000000000e+00 -4.832120536817195777e+00 5.399164799017285715e-02 9.985413871979995637e-01 0.000000000000000000e+00 7.634109674900483311e-01 0.000000000000000000e+00 0.000000000000000000e+00 1.000000000000000000e+00 0.000000000000000000e+00
9.984700427891667340e-01 -5.529533120073993474e-02 0.000000000000000000e+00 -4.782906379511199013e+00 5.529533120073993474e-02 9.984700427891667340e-01 0.000000000000000000e+00 7.760972585236504129e-01 0.000000000000000000e+00 0.000000000000000000e+00 1.000000000000000000e+00 0.000000000000000000e+00
9.984280025070673137e-01 -5.604929803081974693e-02 0.000000000000000000e+00 -4.733492170260443110e+00 5.604929803081974693e-02 9.984280025070673137e-01 0.000000000000000000e+00 7.888502911696928521e-01 0.000000000000000000e+00 0.000000000000000000e+00 1.000000000000000000e+00 0.000000000000000000e+00
9.983834274828164990e-01 -5.683776673712350597e-02 0.000000000000000000e+00 -4.684093434490511854e+00 5.683776673712350597e-02 9.983834274828164990e-01 0.000000000000000000e+00 8.016408177684956060e-01 0.000000000000000000e+00 0.000000000000000000e+00 1.000000000000000000e+00 0.000000000000000000e+00
9.983081888223921396e-01 -5.814430436556104753e-02 0.000000000000000000e+00 -4.634912932272773567e+00 5.814430436556104753e-02 9.983081888223921396e-01 0.000000000000000000e+00 8.144757878487423053e-01 0.000000000000000000e+00 0.000000000000000000e+00 1.000000000000000000e+00 0.000000000000000000e+00
9.982643977764625864e-01 -5.889135872092379070e-02 0.000000000000000000e+00 -4.585538884149441330e+00 5.889135872092379070e-02 9.982643977764625864e-01 0.000000000000000000e+00 8.273692843530664476e-01 0.000000000000000000e+00 0.000000000000000000e+00 1.000000000000000000e+00 0.000000000000000000e+00
9.981837341395608521e-01 -6.024311495268587502e-02 0.000000000000000000e+00 -4.536239145424523223e+00 6.024311495268587502e-02 9.981837341395608521e-01 0.000000000000000000e+00 8.403023189111421543e-01 0.000000000000000000e+00 0.000000000000000000e+00 1.000000000000000000e+00 0.000000000000000000e+00
9.981378131383178420e-01 -6.099922936772562976e-02 0.000000000000000000e+00 -4.487038778516083681e+00 6.099922936772562976e-02 9.981378131383178420e-01 0.000000000000000000e+00 8.532914209535334971e-01 0.000000000000000000e+00 0.000000000000000000e+00 1.000000000000000000e+00 0.000000000000000000e+00
9.980909319639643673e-01 -6.176157001975377675e-02 0.000000000000000000e+00 -4.437703721346527352e+00 6.176157001975377675e-02 9.980909319639643673e-01 0.000000000000000000e+00 8.663263677138427488e-01 0.000000000000000000e+00 0.000000000000000000e+00 1.000000000000000000e+00 0.000000000000000000e+00
9.980040283303355242e-01 -6.315029244922626406e-02 0.000000000000000000e+00 -4.388440022365991844e+00 6.315029244922626406e-02 9.980040283303355242e-01 0.000000000000000000e+00 8.794114701151199975e-01 0.000000000000000000e+00 0.000000000000000000e+00 1.000000000000000000e+00 0.000000000000000000e+00
9.979571074320018331e-01 -6.388749271924736017e-02 0.000000000000000000e+00 -4.339279831594550885e+00 6.388749271924736017e-02 9.979571074320018331e-01 0.000000000000000000e+00 8.925428206595734659e-01 0.000000000000000000e+00 0.000000000000000000e+00 1.000000000000000000e+00 0.000000000000000000e+00
9.978843686775329402e-01 -6.501374277059777940e-02 0.000000000000000000e+00 -4.290010120178564534e+00 6.501374277059777940e-02 9.978843686775329402e-01 0.000000000000000000e+00 9.057211479190876435e-01 0.000000000000000000e+00 0.000000000000000000e+00 1.000000000000000000e+00 0.000000000000000000e+00
9.978157791466250037e-01 -6.605808721128399175e-02 0.000000000000000000e+00 -4.240760327641383221e+00 6.605808721128399175e-02 9.978157791466250037e-01 0.000000000000000000e+00 9.189633413533727646e-01 0.000000000000000000e+00 0.000000000000000000e+00 1.000000000000000000e+00 0.000000000000000000e+00
9.977659545150530107e-01 -6.680643689544568664e-02 0.000000000000000000e+00 -4.191641364291815108e+00 6.680643689544568664e-02 9.977659545150530107e-01 0.000000000000000000e+00 9.322379046523127100e-01 0.000000000000000000e+00 0.000000000000000000e+00 1.000000000000000000e+00 0.000000000000000000e+00
9.976675690905788541e-01 -6.825995593973940845e-02 0.000000000000000000e+00 -4.142447519437715719e+00 6.825995593973940845e-02 9.976675690905788541e-01 0.000000000000000000e+00 9.455681768481755123e-01 0.000000000000000000e+00 0.000000000000000000e+00 1.000000000000000000e+00 0.000000000000000000e+00
9.976172633135321766e-01 -6.899127436725997764e-02 0.000000000000000000e+00 -4.093203819300262225e+00 6.899127436725997764e-02 9.976172633135321766e-01 0.000000000000000000e+00 9.589614627490662402e-01 0.000000000000000000e+00 0.000000000000000000e+00 1.000000000000000000e+00 0.000000000000000000e+00
9.975610775789260920e-01 -6.979897205240070956e-02 0.000000000000000000e+00 -4.044126194843118860e+00 6.979897205240070956e-02 9.975610775789260920e-01 0.000000000000000000e+00 9.723809780679493198e-01 0.000000000000000000e+00 0.000000000000000000e+00 1.000000000000000000e+00 0.000000000000000000e+00
9.976820646555966121e-01 -6.804776164243664383e-02 0.000000000000000000e+00 -3.994942087182970614e+00 6.804776164243664383e-02 9.976820646555966121e-01 0.000000000000000000e+00 9.858552488712243322e-01 0.000000000000000000e+00 0.000000000000000000e+00 1.000000000000000000e+00 0.000000000000000000e+00
9.986400798174994708e-01 -5.213435510388875899e-02 0.000000000000000000e+00 -3.945522915759143157e+00 5.213435510388875899e-02 9.986400798174994708e-01 0.000000000000000000e+00 9.987990902534540361e-01 0.000000000000000000e+00 0.000000000000000000e+00 1.000000000000000000e+00 0.000000000000000000e+00
9.986331958956878863e-01 -5.226605069416105642e-02 0.000000000000000000e+00 -3.896242745354265402e+00 5.226605069416105642e-02 9.986331958956878863e-01 0.000000000000000000e+00 1.011379573475271743e+00 0.000000000000000000e+00 0.000000000000000000e+00 1.000000000000000000e+00 0.000000000000000000e+00
9.985992848422559076e-01 -5.291000200845844686e-02 0.000000000000000000e+00 -3.846792102313908668e+00 5.291000200845844686e-02 9.985992848422559076e-01 0.000000000000000000e+00 1.023979611575248860e+00 0.000000000000000000e+00 0.000000000000000000e+00 1.000000000000000000e+00 0.000000000000000000e+00
9.985644225065041235e-01 -5.356392539995411678e-02 0.000000000000000000e+00 -3.797350641310265118e+00 5.356392539995411678e-02 9.985644225065041235e-01 0.000000000000000000e+00 1.036612983171001368e+00 0.000000000000000000e+00 0.000000000000000000e+00 1.000000000000000000e+00 0.000000000000000000e+00
9.985618550360221279e-01 -5.361176799004332971e-02 0.000000000000000000e+00 -3.748089817365124699e+00 5.361176799004332971e-02 9.985618550360221279e-01 0.000000000000000000e+00 1.049253723541654582e+00 0.000000000000000000e+00 0.000000000000000000e+00 1.000000000000000000e+00 0.000000000000000000e+00
9.985250593271970398e-01 -5.429277940589864737e-02 0.000000000000000000e+00 -3.698656519404341481e+00 5.429277940589864737e-02 9.985250593271970398e-01 0.000000000000000000e+00 1.061921791496392320e+00 0.000000000000000000e+00 0.000000000000000000e+00 1.000000000000000000e+00 0.000000000000000000e+00
9.985100115509079055e-01 -5.456882656431059214e-02 0.000000000000000000e+00 -3.649221450402734046e+00 5.456882656431059214e-02 9.985100115509079055e-01 0.000000000000000000e+00 1.074621391178471441e+00 0.000000000000000000e+00 0.000000000000000000e+00 1.000000000000000000e+00 0.000000000000000000e+00
9.984899305520342772e-01 -5.493503969411197424e-02 0.000000000000000000e+00 -3.599985749510028477e+00 5.493503969411197424e-02 9.984899305520342772e-01 0.000000000000000000e+00 1.087315699218572629e+00 0.000000000000000000e+00 0.000000000000000000e+00 1.000000000000000000e+00 0.000000000000000000e+00
9.984532045522476196e-01 -5.559854601828662785e-02 0.000000000000000000e+00 -3.550571181222491379e+00 5.559854601828662785e-02 9.984532045522476196e-01 0.000000000000000000e+00 1.100049165434828113e+00 0.000000000000000000e+00 0.000000000000000000e+00 1.000000000000000000e+00 0.000000000000000000e+00
9.984570906313370298e-01 -5.552871480599928800e-02 0.000000000000000000e+00 -3.501192804120115909e+00 5.552871480599928800e-02 9.984570906313370298e-01 0.000000000000000000e+00 1.112800804879058303e+00 0.000000000000000000e+00 0.000000000000000000e+00 1.000000000000000000e+00 0.000000000000000000e+00
9.984191659764447557e-01 -5.620648548789008297e-02 0.000000000000000000e+00 -3.451931926447292742e+00 5.620648548789008297e-02 9.984191659764447557e-01 0.000000000000000000e+00 1.125555379855118554e+00 0.000000000000000000e+00 0.000000000000000000e+00 1.000000000000000000e+00 0.000000000000000000e+00
9.983885126429664636e-01 -5.674837286271048470e-02 0.000000000000000000e+00 -3.402524766147004609e+00 5.674837286271048470e-02 9.983885126429664636e-01 0.000000000000000000e+00 1.138351504016342108e+00 0.000000000000000000e+00 0.000000000000000000e+00 1.000000000000000000e+00 0.000000000000000000e+00
9.983889880052891908e-01 -5.674000907450055947e-02 0.000000000000000000e+00 -3.353169896506509318e+00 5.674000907450055947e-02 9.983889880052891908e-01 0.000000000000000000e+00 1.151150469046904101e+00 0.000000000000000000e+00 0.000000000000000000e+00 1.000000000000000000e+00 0.000000000000000000e+00
9.983507621718451519e-01 -5.740867243627752886e-02 0.000000000000000000e+00 -3.303927711361612563e+00 5.740867243627752886e-02 9.983507621718451519e-01 0.000000000000000000e+00 1.163964736152030444e+00 0.000000000000000000e+00 0.000000000000000000e+00 1.000000000000000000e+00 0.000000000000000000e+00
9.983596177735707400e-01 -5.725446357280606496e-02 0.000000000000000000e+00 -3.254578772431434786e+00 5.725446357280606496e-02 9.983596177735707400e-01 0.000000000000000000e+00 1.176810023231192659e+00 0.000000000000000000e+00 0.000000000000000000e+00 1.000000000000000000e+00 0.000000000000000000e+00
9.983218166829790352e-01 -5.790984661347585438e-02 0.000000000000000000e+00 -3.205190715549903757e+00 5.790984661347585438e-02 9.983218166829790352e-01 0.000000000000000000e+00 1.189657416028747416e+00 0.000000000000000000e+00 0.000000000000000000e+00 1.000000000000000000e+00 0.000000000000000000e+00
9.982850461766383798e-01 -5.854029877022240425e-02 0.000000000000000000e+00 -3.155962530157797374e+00 5.854029877022240425e-02 9.982850461766383798e-01 0.000000000000000000e+00 1.202529244911263229e+00 0.000000000000000000e+00 0.000000000000000000e+00 1.000000000000000000e+00 0.000000000000000000e+00
9.982960344477149750e-01 -5.835261438844694531e-02 0.000000000000000000e+00 -3.106631966425230207e+00 5.835261438844694531e-02 9.982960344477149750e-01 0.000000000000000000e+00 1.215416651282265503e+00 0.000000000000000000e+00 0.000000000000000000e+00 1.000000000000000000e+00 0.000000000000000000e+00
9.982562480568105689e-01 -5.902934198802699955e-02 0.000000000000000000e+00 -3.057259689347162190e+00 5.902934198802699955e-02 9.982562480568105689e-01 0.000000000000000000e+00 1.228319281791468986e+00 0.000000000000000000e+00 0.000000000000000000e+00 1.000000000000000000e+00 0.000000000000000000e+00
9.982506075830973602e-01 -5.912465188038686092e-02 0.000000000000000000e+00 -3.008045111268356830e+00 5.912465188038686092e-02 9.982506075830973602e-01 0.000000000000000000e+00 1.241242738145844848e+00 0.000000000000000000e+00 0.000000000000000000e+00 1.000000000000000000e+00 0.000000000000000000e+00
9.982333863358632264e-01 -5.941469855545200573e-02 0.000000000000000000e+00 -2.958726788103856364e+00 5.941469855545200573e-02 9.982333863358632264e-01 0.000000000000000000e+00 1.254166992122098145e+00 0.000000000000000000e+00 0.000000000000000000e+00 1.000000000000000000e+00 0.000000000000000000e+00
9.981947018229289093e-01 -6.006111264898571916e-02 0.000000000000000000e+00 -2.909369694486356295e+00 6.006111264898571916e-02 9.981947018229289093e-01 0.000000000000000000e+00 1.267121794268671220e+00 0.000000000000000000e+00 0.000000000000000000e+00 1.000000000000000000e+00 0.000000000000000000e+00
9.982133606671422799e-01 -5.975020155288027907e-02 0.000000000000000000e+00 -2.860217794043107276e+00 5.975020155288027907e-02 9.982133606671422799e-01 0.000000000000000000e+00 1.280079189069486922e+00 0.000000000000000000e+00 0.000000000000000000e+00 1.000000000000000000e+00 0.000000000000000000e+00
9.981740321100593949e-01 -6.040365569355914815e-02 0.000000000000000000e+00 -2.810861832792216131e+00 6.040365569355914815e-02 9.981740321100593949e-01 0.000000000000000000e+00 1.293050378918497056e+00 0.000000000000000000e+00 0.000000000000000000e+00 1.000000000000000000e+00 0.000000000000000000e+00
9.981446518820759062e-01 -6.088722295530930861e-02 0.000000000000000000e+00 -2.761503790275731340e+00 6.088722295530930861e-02 9.981446518820759062e-01 0.000000000000000000e+00 1.306054482584439125e+00 0.000000000000000000e+00 0.000000000000000000e+00 1.000000000000000000e+00 0.000000000000000000e+00
9.981572161831187007e-01 -6.068090129164830510e-02 0.000000000000000000e+00 -2.712378621115698163e+00 6.068090129164830510e-02 9.981572161831187007e-01 0.000000000000000000e+00 1.319040841100503236e+00 0.000000000000000000e+00 0.000000000000000000e+00 1.000000000000000000e+00 0.000000000000000000e+00
9.981176752863827328e-01 -6.132785892974738917e-02 0.000000000000000000e+00 -2.663037433670820242e+00 6.132785892974738917e-02 9.981176752863827328e-01 0.000000000000000000e+00 1.332058127080693710e+00 0.000000000000000000e+00 0.000000000000000000e+00 1.000000000000000000e+00 0.000000000000000000e+00
9.981418550701199877e-01 -6.093305471728456546e-02 0.000000000000000000e+00 -2.613763204055547629e+00 6.093305471728456546e-02 9.981418550701199877e-01 0.000000000000000000e+00 1.345093003628183181e+00 0.000000000000000000e+00 0.000000000000000000e+00 1.000000000000000000e+00 0.000000000000000000e+00
9.981031684282871685e-01 -6.156350520734049647e-02 0.000000000000000000e+00 -2.564572133445166990e+00 6.156350520734049647e-02 9.981031684282871685e-01 0.000000000000000000e+00 1.358112774570252812e+00 0.000000000000000000e+00 0.000000000000000000e+00 1.000000000000000000e+00 0.000000000000000000e+00
9.980648846946411634e-01 -6.218107380443473053e-02 0.000000000000000000e+00 -2.515239770035620825e+00 6.218107380443473053e-02 9.980648846946411634e-01 0.000000000000000000e+00 1.371173966492433172e+00 0.000000000000000000e+00 0.000000000000000000e+00 1.000000000000000000e+00 0.000000000000000000e+00
9.980913943498763707e-01 -6.175409723022132896e-02 0.000000000000000000e+00 -2.465983298679814695e+00 6.175409723022132896e-02 9.980913943498763707e-01 0.000000000000000000e+00 1.384233289098542707e+00 0.000000000000000000e+00 0.000000000000000000e+00 1.000000000000000000e+00 0.000000000000000000e+00
9.980510767178304432e-01 -6.240230975195789481e-02 0.000000000000000000e+00 -2.416804679517391197e+00 6.240230975195789481e-02 9.980510767178304432e-01 0.000000000000000000e+00 1.397294338551632986e+00 0.000000000000000000e+00 0.000000000000000000e+00 1.000000000000000000e+00 0.000000000000000000e+00
9.980546233729618022e-01 -6.234555929539300351e-02 0.000000000000000000e+00 -2.367500387237399195e+00 6.234555929539300351e-02 9.980546233729618022e-01 0.000000000000000000e+00 1.410391660307974027e+00 0.000000000000000000e+00 0.000000000000000000e+00 1.000000000000000000e+00 0.000000000000000000e+00
9.980411966616034025e-01 -6.256012920602577188e-02 0.000000000000000000e+00 -2.318233235758197175e+00 6.256012920602577188e-02 9.980411966616034025e-01 0.000000000000000000e+00 1.423471505474887433e+00 0.000000000000000000e+00 0.000000000000000000e+00 1.000000000000000000e+00 0.000000000000000000e+00
9.980006825594526232e-01 -6.320314557731106231e-02 0.000000000000000000e+00 -2.269065804029855471e+00 6.320314557731106231e-02 9.980006825594526232e-01 0.000000000000000000e+00 1.436572409232986569e+00 0.000000000000000000e+00 0.000000000000000000e+00 1.000000000000000000e+00 0.000000000000000000e+00
9.980314555258891218e-01 -6.271533927896179306e-02 0.000000000000000000e+00 -2.219827704832149529e+00 6.271533927896179306e-02 9.980314555258891218e-01 0.000000000000000000e+00 1.449688836366355371e+00 0.000000000000000000e+00 0.000000000000000000e+00 1.000000000000000000e+00 0.000000000000000000e+00
9.979900049262858674e-01 -6.337152410374741196e-02 0.000000000000000000e+00 -2.170511004177380077e+00 6.337152410374741196e-02 9.979900049262858674e-01 0.000000000000000000e+00 1.462806699769805929e+00 0.000000000000000000e+00 0.000000000000000000e+00 1.000000000000000000e+00 0.000000000000000000e+00
9.979628780141267530e-01 -6.379728917251233089e-02 0.000000000000000000e+00 -2.121336378450776827e+00 6.379728917251233089e-02 9.979628780141267530e-01 0.000000000000000000e+00 1.475947999000792210e+00 0.000000000000000000e+00 0.000000000000000000e+00 1.000000000000000000e+00 0.000000000000000000e+00
9.979798550334287865e-01 -6.353116516684088888e-02 0.000000000000000000e+00 -2.072121603341981810e+00 6.353116516684088888e-02 9.979798550334287865e-01 0.000000000000000000e+00 1.489083190055467965e+00 0.000000000000000000e+00 0.000000000000000000e+00 1.000000000000000000e+00 0.000000000000000000e+00
9.979381727174408967e-01 -6.418257889314829545e-02 0.000000000000000000e+00 -2.022817601483131167e+00 6.418257889314829545e-02 9.979381727174408967e-01 0.000000000000000000e+00 1.502241465794239783e+00 0.000000000000000000e+00 0.000000000000000000e+00 1.000000000000000000e+00 0.000000000000000000e+00
9.979689377908391723e-01 -6.370242699163256028e-02 0.000000000000000000e+00 -1.973742190790325202e+00 6.370242699163256028e-02 9.979689377908391723e-01 0.000000000000000000e+00 1.515404957408457820e+00 0.000000000000000000e+00 0.000000000000000000e+00 1.000000000000000000e+00 0.000000000000000000e+00
9.979274161673289401e-01 -6.434960809203696397e-02 0.000000000000000000e+00 -1.924438248989093880e+00 6.434960809203696397e-02 9.979274161673289401e-01 0.000000000000000000e+00 1.528571070321160796e+00 0.000000000000000000e+00 0.000000000000000000e+00 1.000000000000000000e+00 0.000000000000000000e+00
9.978881485651600602e-01 -6.495569992846729479e-02 0.000000000000000000e+00 -1.875141142881658229e+00 6.495569992846729479e-02 9.978881485651600602e-01 0.000000000000000000e+00 1.541770042485885783e+00 0.000000000000000000e+00 0.000000000000000000e+00 1.000000000000000000e+00 0.000000000000000000e+00
9.979173108853197638e-01 -6.450612866551543034e-02 0.000000000000000000e+00 -1.826078113633497368e+00 6.450612866551543034e-02 9.979173108853197638e-01 0.000000000000000000e+00 1.554954216433005243e+00 0.000000000000000000e+00 0.000000000000000000e+00 1.000000000000000000e+00 0.000000000000000000e+00
9.977735986936582258e-01 -6.669217157887982750e-02 0.000000000000000000e+00 -1.776797824867055731e+00 6.669217157887982750e-02 9.977735986936582258e-01 0.000000000000000000e+00 1.568163685005787178e+00 0.000000000000000000e+00 0.000000000000000000e+00 1.000000000000000000e+00 0.000000000000000000e+00
