9.999540069038849177e-01 -9.590832959927483511e-03 0.000000000000000000e+00 -8.112959999999999283e+00 9.590832959927483511e-03 9.999540069038849177e-01 0.000000000000000000e+00 -3.353849999999999800e-03 0.000000000000000000e+00 0.000000000000000000e+00 1.000000000000000000e+00 0.000000000000000000e+00
9.999533495176565756e-01 -9.659129796175827329e-03 0.000000000000000000e+00 -8.109780000000000655e+00 9.659129796175827329e-03 9.999533495176565756e-01 0.000000000000000000e+00 -3.323790000000000078e-03 0.000000000000000000e+00 0.000000000000000000e+00 1.000000000000000000e+00 0.000000000000000000e+00
9.999538802177738717e-01 -9.604032351982677573e-03 0.000000000000000000e+00 -8.095100000000000406e+00 9.604032351982677573e-03 9.999538802177738717e-01 0.000000000000000000e+00 -3.080900000000000132e-03 0.000000000000000000e+00 0.000000000000000000e+00 1.000000000000000000e+00 0.000000000000000000e+00
9.999525222483429676e-01 -9.744395783070234837e-03 0.000000000000000000e+00 -8.083819999999999339e+00 9.744395783070234837e-03 9.999525222483429676e-01 0.000000000000000000e+00 -2.874260000000000009e-03 0.000000000000000000e+00 0.000000000000000000e+00 1.000000000000000000e+00 0.000000000000000000e+00
9.999543452194925575e-01 -9.555494579341784062e-03 0.000000000000000000e+00 -8.052569999999999339e+00 9.555494579341784062e-03 9.999543452194925575e-01 0.000000000000000000e+00 -2.469649999999999884e-03 0.000000000000000000e+00 0.000000000000000000e+00 1.000000000000000000e+00 0.000000000000000000e+00
9.999496337530188184e-01 -1.003643149747605531e-02 0.000000000000000000e+00 -8.004360000000000142e+00 1.003643149747605531e-02 9.999496337530188184e-01 0.000000000000000000e+00 8.088240000000000013e-03 0.000000000000000000e+00 0.000000000000000000e+00 1.000000000000000000e+00 0.000000000000000000e+00
9.999444641996401151e-01 -1.053890490015979911e-02 0.000000000000000000e+00 -7.954390000000000072e+00 1.053890490015979911e-02 9.999444641996401151e-01 0.000000000000000000e+00 1.869089999999999988e-02 0.000000000000000000e+00 0.000000000000000000e+00 1.000000000000000000e+00 0.000000000000000000e+00
9.999393641359145546e-01 -1.101217741697033820e-02 0.000000000000000000e+00 -7.904560000000000031e+00 1.101217741697033820e-02 9.999393641359145546e-01 0.000000000000000000e+00 2.931589999999999890e-02 0.000000000000000000e+00 0.000000000000000000e+00 1.000000000000000000e+00 0.000000000000000000e+00
9.999283783588345242e-01 -1.196821426409822899e-02 0.000000000000000000e+00 -7.854650000000000354e+00 1.196821426409822899e-02 9.999283783588345242e-01 0.000000000000000000e+00 3.997640000000000221e-02 0.000000000000000000e+00 0.000000000000000000e+00 1.000000000000000000e+00 0.000000000000000000e+00
9.999228690655055374e-01 -1.241998066857605623e-02 0.000000000000000000e+00 -7.804689999999999905e+00 1.241998066857605623e-02 9.999228690655055374e-01 0.000000000000000000e+00 5.067399999999999682e-02 0.000000000000000000e+00 0.000000000000000000e+00 1.000000000000000000e+00 0.000000000000000000e+00
9.999153373152753765e-01 -1.301223277071017828e-02 0.000000000000000000e+00 -7.754900000000000126e+00 1.301223277071017828e-02 9.999153373152753765e-01 0.000000000000000000e+00 6.139300000000000312e-02 0.000000000000000000e+00 0.000000000000000000e+00 1.000000000000000000e+00 0.000000000000000000e+00
9.999044320621989224e-01 -1.382485957872378428e-02 0.000000000000000000e+00 -7.705000000000000071e+00 1.382485957872378428e-02 9.999044320621989224e-01 0.000000000000000000e+00 7.215489999999999404e-02 0.000000000000000000e+00 0.000000000000000000e+00 1.000000000000000000e+00 0.000000000000000000e+00
9.998982109612616354e-01 -1.426771588126056825e-02 0.000000000000000000e+00 -7.655059999999999754e+00 1.426771588126056825e-02 9.998982109612616354e-01 0.000000000000000000e+00 8.294529999999999959e-02 0.000000000000000000e+00 0.000000000000000000e+00 1.000000000000000000e+00 0.000000000000000000e+00
9.998847009920316387e-01 -1.518501636730862532e-02 0.000000000000000000e+00 -7.605330000000000368e+00 1.518501636730862532e-02 9.998847009920316387e-01 0.000000000000000000e+00 9.376230000000000675e-02 0.000000000000000000e+00 0.000000000000000000e+00 1.000000000000000000e+00 0.000000000000000000e+00
9.998780743113211411e-01 -1.561526533505381426e-02 0.000000000000000000e+00 -7.555399999999999672e+00 1.561526533505381426e-02 9.998780743113211411e-01 0.000000000000000000e+00 1.046210000000000057e-01 0.000000000000000000e+00 0.000000000000000000e+00 1.000000000000000000e+00 0.000000000000000000e+00
9.998707790722589639e-01 -1.607560752923420724e-02 0.000000000000000000e+00 -7.505480000000000373e+00 1.607560752923420724e-02 9.998707790722589639e-01 0.000000000000000000e+00 1.155010000000000064e-01 0.000000000000000000e+00 0.000000000000000000e+00 1.000000000000000000e+00 0.000000000000000000e+00
9.998562691262209423e-01 -1.695408767801881086e-02 0.000000000000000000e+00 -7.455770000000000231e+00 1.695408767801881086e-02 9.998562691262209423e-01 0.000000000000000000e+00 1.264139999999999986e-01 0.000000000000000000e+00 0.000000000000000000e+00 1.000000000000000000e+00 0.000000000000000000e+00
9.998491140769596441e-01 -1.737092627118492355e-02 0.000000000000000000e+00 -7.405870000000000175e+00 1.737092627118492355e-02 9.998491140769596441e-01 0.000000000000000000e+00 1.373600000000000099e-01 0.000000000000000000e+00 0.000000000000000000e+00 1.000000000000000000e+00 0.000000000000000000e+00
9.998330552080957334e-01 -1.827188313351964591e-02 0.000000000000000000e+00 -7.356029999999999625e+00 1.827188313351964591e-02 9.998330552080957334e-01 0.000000000000000000e+00 1.483309999999999906e-01 0.000000000000000000e+00 0.000000000000000000e+00 1.000000000000000000e+00 0.000000000000000000e+00
9.998252386216738286e-01 -1.869471088605164505e-02 0.000000000000000000e+00 -7.306280000000000108e+00 1.869471088605164505e-02 9.998252386216738286e-01 0.000000000000000000e+00 1.593410000000000104e-01 0.000000000000000000e+00 0.000000000000000000e+00 1.000000000000000000e+00 0.000000000000000000e+00
9.998173636427305500e-01 -1.911123644612751707e-02 0.000000000000000000e+00 -7.256400000000000183e+00 1.911123644612751707e-02 9.998173636427305500e-01 0.000000000000000000e+00 1.703739999999999977e-01 0.000000000000000000e+00 0.000000000000000000e+00 1.000000000000000000e+00 0.000000000000000000e+00
9.997999386653321219e-01 -2.000206601324014746e-02 0.000000000000000000e+00 -7.206570000000000142e+00 2.000206601324014746e-02 9.997999386653321219e-01 0.000000000000000000e+00 1.814389999999999892e-01 0.000000000000000000e+00 0.000000000000000000e+00 1.000000000000000000e+00 0.000000000000000000e+00
9.997919272161143178e-01 -2.039858508544186572e-02 0.000000000000000000e+00 -7.156850000000000378e+00 2.039858508544186572e-02 9.997919272161143178e-01 0.000000000000000000e+00 1.925340000000000107e-01 0.000000000000000000e+00 0.000000000000000000e+00 1.000000000000000000e+00 0.000000000000000000e+00
9.997797789001584556e-01 -2.098555937663246912e-02 0.000000000000000000e+00 -7.107000000000000206e+00 2.098555937663246912e-02 9.997797789001584556e-01 0.000000000000000000e+00 2.036519999999999997e-01 0.000000000000000000e+00 0.000000000000000000e+00 1.000000000000000000e+00 0.000000000000000000e+00
9.997654551945127643e-01 -2.165720664602525242e-02 0.000000000000000000e+00 -7.057179999999999787e+00 2.165720664602525242e-02 9.997654551945127643e-01 0.000000000000000000e+00 2.148100000000000009e-01 0.000000000000000000e+00 0.000000000000000000e+00 1.000000000000000000e+00 0.000000000000000000e+00
9.997570254410319546e-01 -2.204291453732396683e-02 0.000000000000000000e+00 -7.007469999999999644e+00 2.204291453732396683e-02 9.997570254410319546e-01 0.000000000000000000e+00 2.259879999999999944e-01 0.000000000000000000e+00 0.000000000000000000e+00 1.000000000000000000e+00 0.000000000000000000e+00
9.997377858497731307e-01 -2.289889831832949904e-02 0.000000000000000000e+00 -6.957679999999999865e+00 2.289889831832949904e-02 9.997377858497731307e-01 0.000000000000000000e+00 2.371949999999999892e-01 0.000000000000000000e+00 0.000000000000000000e+00 1.000000000000000000e+00 0.000000000000000000e+00
9.997292099212137240e-01 -2.327029931706544805e-02 0.000000000000000000e+00 -6.907840000000000202e+00 2.327029931706544805e-02 9.997292099212137240e-01 0.000000000000000000e+00 2.484369999999999912e-01 0.000000000000000000e+00 0.000000000000000000e+00 1.000000000000000000e+00 0.000000000000000000e+00
9.997195684951467598e-01 -2.368088612948454283e-02 0.000000000000000000e+00 -6.858150000000000190e+00 2.368088612948454283e-02 9.997195684951467598e-01 0.000000000000000000e+00 2.596959999999999824e-01 0.000000000000000000e+00 0.000000000000000000e+00 1.000000000000000000e+00 0.000000000000000000e+00
9.996998287652055781e-01 -2.450004830237535042e-02 0.000000000000000000e+00 -6.808379999999999654e+00 2.450004830237535042e-02 9.996998287652055781e-01 0.000000000000000000e+00 2.709909999999999819e-01 0.000000000000000000e+00 0.000000000000000000e+00 1.000000000000000000e+00 0.000000000000000000e+00
9.996909613691711272e-01 -2.485923886168717872e-02 0.000000000000000000e+00 -6.758560000000000123e+00 2.485923886168717872e-02 9.996909613691711272e-01 0.000000000000000000e+00 2.823129999999999806e-01 0.000000000000000000e+00 0.000000000000000000e+00 1.000000000000000000e+00 0.000000000000000000e+00
9.996695752787079225e-01 -2.570486845108636148e-02 0.000000000000000000e+00 -6.708949999999999747e+00 2.570486845108636148e-02 9.996695752787079225e-01 0.000000000000000000e+00 2.936529999999999974e-01 0.000000000000000000e+00 0.000000000000000000e+00 1.000000000000000000e+00 0.000000000000000000e+00
9.996603088751739863e-01 -2.606274850417218680e-02 0.000000000000000000e+00 -6.659139999999999837e+00 2.606274850417218680e-02 9.996603088751739863e-01 0.000000000000000000e+00 3.050359999999999738e-01 0.000000000000000000e+00 0.000000000000000000e+00 1.000000000000000000e+00 0.000000000000000000e+00
9.996508245152738725e-01 -2.642402402990802132e-02 0.000000000000000000e+00 -6.609329999999999927e+00 2.642402402990802132e-02 9.996508245152738725e-01 0.000000000000000000e+00 3.164359999999999951e-01 0.000000000000000000e+00 0.000000000000000000e+00 1.000000000000000000e+00 0.000000000000000000e+00
9.996285482481404028e-01 -2.725372501723659011e-02 0.000000000000000000e+00 -6.559739999999999682e+00 2.725372501723659011e-02 9.996285482481404028e-01 0.000000000000000000e+00 3.278610000000000135e-01 0.000000000000000000e+00 0.000000000000000000e+00 1.000000000000000000e+00 0.000000000000000000e+00
9.996193511232545070e-01 -2.758899889310417394e-02 0.000000000000000000e+00 -6.509949999999999903e+00 2.758899889310417394e-02 9.996193511232545070e-01 0.000000000000000000e+00 3.393200000000000105e-01 0.000000000000000000e+00 0.000000000000000000e+00 1.000000000000000000e+00 0.000000000000000000e+00
9.996023753330853800e-01 -2.819736208324267676e-02 0.000000000000000000e+00 -6.460189999999999877e+00 2.819736208324267676e-02 9.996023753330853800e-01 0.000000000000000000e+00 3.507970000000000255e-01 0.000000000000000000e+00 0.000000000000000000e+00 1.000000000000000000e+00 0.000000000000000000e+00
9.995872357543463815e-01 -2.872904657284662197e-02 0.000000000000000000e+00 -6.410590000000000011e+00 2.872904657284662197e-02 9.995872357543463815e-01 0.000000000000000000e+00 3.623069999999999902e-01 0.000000000000000000e+00 0.000000000000000000e+00 1.000000000000000000e+00 0.000000000000000000e+00
9.995777210826161108e-01 -2.905820908596431704e-02 0.000000000000000000e+00 -6.360809999999999853e+00 2.905820908596431704e-02 9.995777210826161108e-01 0.000000000000000000e+00 3.738400000000000056e-01 0.000000000000000000e+00 0.000000000000000000e+00 1.000000000000000000e+00 0.000000000000000000e+00
9.995543128856025916e-01 -2.985256424146771545e-02 0.000000000000000000e+00 -6.311099999999999710e+00 2.985256424146771545e-02 9.995543128856025916e-01 0.000000000000000000e+00 3.853960000000000163e-01 0.000000000000000000e+00 0.000000000000000000e+00 1.000000000000000000e+00 0.000000000000000000e+00
9.995449170539323358e-01 -3.016552322847140116e-02 0.000000000000000000e+00 -6.261490000000000222e+00 3.016552322847140116e-02 9.995449170539323358e-01 0.000000000000000000e+00 3.969799999999999995e-01 0.000000000000000000e+00 0.000000000000000000e+00 1.000000000000000000e+00 0.000000000000000000e+00
9.995338156314095279e-01 -3.053115473275663794e-02 0.000000000000000000e+00 -6.211730000000000196e+00 3.053115473275663794e-02 9.995338156314095279e-01 0.000000000000000000e+00 4.085849999999999760e-01 0.000000000000000000e+00 0.000000000000000000e+00 1.000000000000000000e+00 0.000000000000000000e+00
9.995106392767088010e-01 -3.128069648624984267e-02 0.000000000000000000e+00 -6.162029999999999674e+00 3.128069648624984267e-02 9.995106392767088010e-01 0.000000000000000000e+00 4.202210000000000112e-01 0.000000000000000000e+00 0.000000000000000000e+00 1.000000000000000000e+00 0.000000000000000000e+00
9.995011469268297866e-01 -3.158254726826073555e-02 0.000000000000000000e+00 -6.112440000000000317e+00 3.158254726826073555e-02 9.995011469268297866e-01 0.000000000000000000e+00 4.318759999999999821e-01 0.000000000000000000e+00 0.000000000000000000e+00 1.000000000000000000e+00 0.000000000000000000e+00
9.994759398539656559e-01 -3.237044412781642233e-02 0.000000000000000000e+00 -6.062759999999999927e+00 3.237044412781642233e-02 9.994759398539656559e-01 0.000000000000000000e+00 4.435549999999999771e-01 0.000000000000000000e+00 0.000000000000000000e+00 1.000000000000000000e+00 0.000000000000000000e+00
9.994663046176708310e-01 -3.266658742350152245e-02 0.000000000000000000e+00 -6.013020000000000032e+00 3.266658742350152245e-02 9.994663046176708310e-01 0.000000000000000000e+00 4.552689999999999793e-01 0.000000000000000000e+00 0.000000000000000000e+00 1.000000000000000000e+00 0.000000000000000000e+00
9.994562420654287127e-01 -3.297302225230853978e-02 0.000000000000000000e+00 -5.963440000000000296e+00 3.297302225230853978e-02 9.994562420654287127e-01 0.000000000000000000e+00 4.669929999999999914e-01 0.000000000000000000e+00 0.000000000000000000e+00 1.000000000000000000e+00 0.000000000000000000e+00
9.994306712710568918e-01 -3.373919564371219426e-02 0.000000000000000000e+00 -5.913780000000000037e+00 3.373919564371219426e-02 9.994306712710568918e-01 0.000000000000000000e+00 4.787469999999999781e-01 0.000000000000000000e+00 0.000000000000000000e+00 1.000000000000000000e+00 0.000000000000000000e+00
9.994212599581762113e-01 -3.401683617874546456e-02 0.000000000000000000e+00 -5.864060000000000272e+00 3.401683617874546456e-02 9.994212599581762113e-01 0.000000000000000000e+00 4.905289999999999928e-01 0.000000000000000000e+00 0.000000000000000000e+00 1.000000000000000000e+00 0.000000000000000000e+00
9.993999046935442276e-01 -3.463856952206172124e-02 0.000000000000000000e+00 -5.814540000000000042e+00 3.463856952206172124e-02 9.993999046935442276e-01 0.000000000000000000e+00 5.023210000000000175e-01 0.000000000000000000e+00 0.000000000000000000e+00 1.000000000000000000e+00 0.000000000000000000e+00
9.994055409513850075e-01 -3.447556693760803204e-02 0.000000000000000000e+00 -5.764859999999999651e+00 3.447556693760803204e-02 9.994055409513850075e-01 0.000000000000000000e+00 5.139310000000000267e-01 0.000000000000000000e+00 0.000000000000000000e+00 1.000000000000000000e+00 0.000000000000000000e+00
9.994151241567408306e-01 -3.419663151198150397e-02 0.000000000000000000e+00 -5.715169999999999639e+00 3.419663151198150397e-02 9.994151241567408306e-01 0.000000000000000000e+00 5.255279999999999951e-01 0.000000000000000000e+00 0.000000000000000000e+00 1.000000000000000000e+00 0.000000000000000000e+00
9.994085571764457221e-01 -3.438801888005404983e-02 0.000000000000000000e+00 -5.665680000000000049e+00 3.438801888005404983e-02 9.994085571764457221e-01 0.000000000000000000e+00 5.371139999999999803e-01 0.000000000000000000e+00 0.000000000000000000e+00 1.000000000000000000e+00 0.000000000000000000e+00
9.994179795026957303e-01 -3.411308028819988458e-02 0.000000000000000000e+00 -5.615990000000000038e+00 3.411308028819988458e-02 9.994179795026957303e-01 0.000000000000000000e+00 5.487069999999999448e-01 0.000000000000000000e+00 0.000000000000000000e+00 1.000000000000000000e+00 0.000000000000000000e+00
9.994245379294320886e-01 -3.392039186892254615e-02 0.000000000000000000e+00 -5.566290000000000404e+00 3.392039186892254615e-02 9.994245379294320886e-01 0.000000000000000000e+00 5.602859999999999507e-01 0.000000000000000000e+00 0.000000000000000000e+00 1.000000000000000000e+00 0.000000000000000000e+00
9.998255264016621124e-01 -1.867931357516066163e-02 0.000000000000000000e+00 -5.516790000000000305e+00 1.867931357516066163e-02 9.998255264016621124e-01 0.000000000000000000e+00 5.716139999999999555e-01 0.000000000000000000e+00 0.000000000000000000e+00 1.000000000000000000e+00 0.000000000000000000e+00
9.998319240964176347e-01 -1.833367278139981515e-02 0.000000000000000000e+00 -5.466920000000000002e+00 1.833367278139981515e-02 9.998319240964176347e-01 0.000000000000000000e+00 5.824209999999999665e-01 0.000000000000000000e+00 0.000000000000000000e+00 1.000000000000000000e+00 0.000000000000000000e+00
9.998283763394181234e-01 -1.852614008591111153e-02 0.000000000000000000e+00 -5.417099999999999582e+00 1.852614008591111153e-02 9.998283763394181234e-01 0.000000000000000000e+00 5.932199999999999696e-01 0.000000000000000000e+00 0.000000000000000000e+00 1.000000000000000000e+00 0.000000000000000000e+00
9.998326804244015431e-01 -1.829237970731059648e-02 0.000000000000000000e+00 -5.367370000000000196e+00 1.829237970731059648e-02 9.998326804244015431e-01 0.000000000000000000e+00 6.040210000000000301e-01 0.000000000000000000e+00 0.000000000000000000e+00 1.000000000000000000e+00 0.000000000000000000e+00
9.998360799967103141e-01 -1.810561064454416572e-02 0.000000000000000000e+00 -5.317499999999999893e+00 1.810561064454416572e-02 9.998360799967103141e-01 0.000000000000000000e+00 6.148139999999999716e-01 0.000000000000000000e+00 0.000000000000000000e+00 1.000000000000000000e+00 0.000000000000000000e+00
9.998320010890248133e-01 -1.832947348715692135e-02 0.000000000000000000e+00 -5.267680000000000362e+00 1.832947348715692135e-02 9.998320010890248133e-01 0.000000000000000000e+00 6.256089999999999707e-01 0.000000000000000000e+00 0.000000000000000000e+00 1.000000000000000000e+00 0.000000000000000000e+00
9.998358137362065579e-01 -1.812030823296336551e-02 0.000000000000000000e+00 -5.217950000000000088e+00 1.812030823296336551e-02 9.998358137362065579e-01 0.000000000000000000e+00 6.363999999999999657e-01 0.000000000000000000e+00 0.000000000000000000e+00 1.000000000000000000e+00 0.000000000000000000e+00
9.998311366618052309e-01 -1.837656555405966022e-02 0.000000000000000000e+00 -5.168140000000000178e+00 1.837656555405966022e-02 9.998311366618052309e-01 0.000000000000000000e+00 6.471869999999999568e-01 0.000000000000000000e+00 0.000000000000000000e+00 1.000000000000000000e+00 0.000000000000000000e+00
9.998340386102336774e-01 -1.821799210532818944e-02 0.000000000000000000e+00 -5.118260000000000254e+00 1.821799210532818944e-02 9.998340386102336774e-01 0.000000000000000000e+00 6.579840000000000133e-01 0.000000000000000000e+00 0.000000000000000000e+00 1.000000000000000000e+00 0.000000000000000000e+00
9.998371049776518804e-01 -1.804891990973495411e-02 0.000000000000000000e+00 -5.068529999999999980e+00 1.804891990973495411e-02 9.998371049776518804e-01 0.000000000000000000e+00 6.687699999999999756e-01 0.000000000000000000e+00 0.000000000000000000e+00 1.000000000000000000e+00 0.000000000000000000e+00
9.998311568754223444e-01 -1.837546573979821629e-02 0.000000000000000000e+00 -5.018720000000000070e+00 1.837546573979821629e-02 9.998311568754223444e-01 0.000000000000000000e+00 6.795609999999999706e-01 0.000000000000000000e+00 0.000000000000000000e+00 1.000000000000000000e+00 0.000000000000000000e+00
9.998341606483395205e-01 -1.821129321686065089e-02 0.000000000000000000e+00 -4.968840000000000146e+00 1.821129321686065089e-02 9.998341606483395205e-01 0.000000000000000000e+00 6.903580000000000272e-01 0.000000000000000000e+00 0.000000000000000000e+00 1.000000000000000000e+00 0.000000000000000000e+00
9.998327170071613645e-01 -1.829038004191316236e-02 0.000000000000000000e+00 -4.919130000000000003e+00 1.829038004191316236e-02 9.998327170071613645e-01 0.000000000000000000e+00 7.011439999999999895e-01 0.000000000000000000e+00 0.000000000000000000e+00 1.000000000000000000e+00 0.000000000000000000e+00
9.998299843297531186e-01 -1.843915494716713566e-02 0.000000000000000000e+00 -4.869299999999999962e+00 1.843915494716713566e-02 9.998299843297531186e-01 0.000000000000000000e+00 7.119469999999999965e-01 0.000000000000000000e+00 0.000000000000000000e+00 1.000000000000000000e+00 0.000000000000000000e+00
9.998325724819592253e-01 -1.829827871980668416e-02 0.000000000000000000e+00 -4.819420000000000037e+00 1.829827871980668416e-02 9.998325724819592253e-01 0.000000000000000000e+00 7.227459999999999996e-01 0.000000000000000000e+00 0.000000000000000000e+00 1.000000000000000000e+00 0.000000000000000000e+00
9.998248701418582796e-01 -1.871440743962360376e-02 0.000000000000000000e+00 -4.769759999999999778e+00 1.871440743962360376e-02 9.998248701418582796e-01 0.000000000000000000e+00 7.335450000000000026e-01 0.000000000000000000e+00 0.000000000000000000e+00 1.000000000000000000e+00 0.000000000000000000e+00
9.998272555367907488e-01 -1.858652968601212999e-02 0.000000000000000000e+00 -4.719879999999999853e+00 1.858652968601212999e-02 9.998272555367907488e-01 0.000000000000000000e+00 7.443579999999999641e-01 0.000000000000000000e+00 0.000000000000000000e+00 1.000000000000000000e+00 0.000000000000000000e+00
9.998288669310656518e-01 -1.849964462743622362e-02 0.000000000000000000e+00 -4.670010000000000439e+00 1.849964462743622362e-02 9.998288669310656518e-01 0.000000000000000000e+00 7.551660000000000039e-01 0.000000000000000000e+00 0.000000000000000000e+00 1.000000000000000000e+00 0.000000000000000000e+00
9.998206587124859324e-01 -1.893806779295865647e-02 0.000000000000000000e+00 -4.620350000000000179e+00 1.893806779295865647e-02 9.998206587124859324e-01 0.000000000000000000e+00 7.659820000000000517e-01 0.000000000000000000e+00 0.000000000000000000e+00 1.000000000000000000e+00 0.000000000000000000e+00
9.998228393903824118e-01 -1.882258838081483920e-02 0.000000000000000000e+00 -4.570479999999999876e+00 1.882258838081483920e-02 9.998228393903824118e-01 0.000000000000000000e+00 7.768070000000000253e-01 0.000000000000000000e+00 0.000000000000000000e+00 1.000000000000000000e+00 0.000000000000000000e+00
9.998133668775293081e-01 -1.931919804285139527e-02 0.000000000000000000e+00 -4.520669999999999966e+00 1.931919804285139527e-02 9.998133668775293081e-01 0.000000000000000000e+00 7.876300000000000523e-01 0.000000000000000000e+00 0.000000000000000000e+00 1.000000000000000000e+00 0.000000000000000000e+00
9.998151707748010875e-01 -1.922561542722094063e-02 0.000000000000000000e+00 -4.470959999999999823e+00 1.922561542722094063e-02 9.998151707748010875e-01 0.000000000000000000e+00 7.984710000000000418e-01 0.000000000000000000e+00 0.000000000000000000e+00 1.000000000000000000e+00 0.000000000000000000e+00
9.998167209408092004e-01 -1.914483029875167774e-02 0.000000000000000000e+00 -4.421090000000000408e+00 1.914483029875167774e-02 9.998167209408092004e-01 0.000000000000000000e+00 8.093099999999999739e-01 0.000000000000000000e+00 0.000000000000000000e+00 1.000000000000000000e+00 0.000000000000000000e+00
9.998059790039440786e-01 -1.969782597051908737e-02 0.000000000000000000e+00 -4.371290000000000120e+00 1.969782597051908737e-02 9.998059790039440786e-01 0.000000000000000000e+00 8.201600000000000001e-01 0.000000000000000000e+00 0.000000000000000000e+00 1.000000000000000000e+00 0.000000000000000000e+00
9.998078104990445469e-01 -1.960464396786079644e-02 0.000000000000000000e+00 -4.321579999999999977e+00 1.960464396786079644e-02 9.998078104990445469e-01 0.000000000000000000e+00 8.310189999999999522e-01 0.000000000000000000e+00 0.000000000000000000e+00 1.000000000000000000e+00 0.000000000000000000e+00
9.998018204147989252e-01 -1.990778479022965036e-02 0.000000000000000000e+00 -4.271740000000000315e+00 1.990778479022965036e-02 9.998018204147989252e-01 0.000000000000000000e+00 8.418790000000000440e-01 0.000000000000000000e+00 0.000000000000000000e+00 1.000000000000000000e+00 0.000000000000000000e+00
9.997972655208018367e-01 -2.013523918723584410e-02 0.000000000000000000e+00 -4.221919999999999895e+00 2.013523918723584410e-02 9.997972655208018367e-01 0.000000000000000000e+00 8.527620000000000200e-01 0.000000000000000000e+00 0.000000000000000000e+00 1.000000000000000000e+00 0.000000000000000000e+00
9.997985260350515935e-01 -2.007255185915002987e-02 0.000000000000000000e+00 -4.172209999999999752e+00 2.007255185915002987e-02 9.997985260350515935e-01 0.000000000000000000e+00 8.636430000000000495e-01 0.000000000000000000e+00 0.000000000000000000e+00 1.000000000000000000e+00 0.000000000000000000e+00
9.997852573084974326e-01 -2.072291650761601614e-02 0.000000000000000000e+00 -4.122419999999999973e+00 2.072291650761601614e-02 9.997852573084974326e-01 0.000000000000000000e+00 8.745359999999999800e-01 0.000000000000000000e+00 0.000000000000000000e+00 1.000000000000000000e+00 0.000000000000000000e+00
9.997866393686781761e-01 -2.065613080624216502e-02 0.000000000000000000e+00 -4.072569999999999801e+00 2.065613080624216502e-02 9.997866393686781761e-01 0.000000000000000000e+00 8.854490000000000416e-01 0.000000000000000000e+00 0.000000000000000000e+00 1.000000000000000000e+00 0.000000000000000000e+00
9.997863066753949202e-01 -2.067222736845816464e-02 0.000000000000000000e+00 -4.022879999999999789e+00 2.067222736845816464e-02 9.997863066753949202e-01 0.000000000000000000e+00 8.963569999999999593e-01 0.000000000000000000e+00 0.000000000000000000e+00 1.000000000000000000e+00 0.000000000000000000e+00
9.998356342961581822e-01 -1.813020660663120648e-02 0.000000000000000000e+00 -3.973059999999999814e+00 1.813020660663120648e-02 9.998356342961581822e-01 0.000000000000000000e+00 9.072740000000000249e-01 0.000000000000000000e+00 0.000000000000000000e+00 1.000000000000000000e+00 0.000000000000000000e+00
9.999990086414397572e-01 -1.408089534692610889e-03 0.000000000000000000e+00 -3.923029999999999795e+00 1.408089534692610889e-03 9.999990086414397572e-01 0.000000000000000000e+00 9.176109999999999545e-01 0.000000000000000000e+00 0.000000000000000000e+00 1.000000000000000000e+00 0.000000000000000000e+00
9.999997069046002718e-01 -7.656309251990238386e-04 0.000000000000000000e+00 -3.873149999999999871e+00 7.656309251990238386e-04 9.999997069046002718e-01 0.000000000000000000e+00 9.275529999999999609e-01 0.000000000000000000e+00 0.000000000000000000e+00 1.000000000000000000e+00 0.000000000000000000e+00
9.999997935692537254e-01 -6.425429557864556929e-04 0.000000000000000000e+00 -3.823090000000000099e+00 6.425429557864556929e-04 9.999997935692537254e-01 0.000000000000000000e+00 9.374670000000000503e-01 0.000000000000000000e+00 0.000000000000000000e+00 1.000000000000000000e+00 0.000000000000000000e+00
9.999998564243542942e-01 -5.358649743542786203e-04 0.000000000000000000e+00 -3.773019999999999818e+00 5.358649743542786203e-04 9.999998564243542942e-01 0.000000000000000000e+00 9.473759999999999959e-01 0.000000000000000000e+00 0.000000000000000000e+00 1.000000000000000000e+00 0.000000000000000000e+00
9.999999853153047624e-01 1.713749991611367921e-04 0.000000000000000000e+00 -3.723139999999999894e+00 -1.713749991611367921e-04 9.999999853153047624e-01 0.000000000000000000e+00 9.572650000000000325e-01 0.000000000000000000e+00 0.000000000000000000e+00 1.000000000000000000e+00 0.000000000000000000e+00
9.999999716494328839e-01 2.381199977497209933e-04 0.000000000000000000e+00 -3.673070000000000057e+00 -2.381199977497209933e-04 9.999999716494328839e-01 0.000000000000000000e+00 9.671330000000000204e-01 0.000000000000000000e+00 0.000000000000000000e+00 1.000000000000000000e+00 0.000000000000000000e+00
9.999997521835621850e-01 7.040119418447503491e-04 0.000000000000000000e+00 -3.622980000000000089e+00 -7.040119418447503491e-04 9.999997521835621850e-01 0.000000000000000000e+00 9.769959999999999756e-01 0.000000000000000000e+00 0.000000000000000000e+00 1.000000000000000000e+00 0.000000000000000000e+00
9.999994240994710681e-01 1.073219793977336824e-03 0.000000000000000000e+00 -3.573090000000000099e+00 -1.073219793977336824e-03 9.999994240994710681e-01 0.000000000000000000e+00 9.868270000000000097e-01 0.000000000000000000e+00 0.000000000000000000e+00 1.000000000000000000e+00 0.000000000000000000e+00
9.999993521707735145e-01 1.138269754198464878e-03 0.000000000000000000e+00 -3.523019999999999818e+00 -1.138269754198464878e-03 9.999993521707735145e-01 0.000000000000000000e+00 9.966500000000000359e-01 0.000000000000000000e+00 0.000000000000000000e+00 1.000000000000000000e+00 0.000000000000000000e+00
9.999981348862275743e-01 1.931378799252037905e-03 0.000000000000000000e+00 -3.472970000000000113e+00 -1.931378799252037905e-03 9.999981348862275743e-01 0.000000000000000000e+00 1.006459999999999910e+00 0.000000000000000000e+00 0.000000000000000000e+00 1.000000000000000000e+00 0.000000000000000000e+00
9.999980608506089386e-01 1.969338727051681611e-03 0.000000000000000000e+00 -3.423029999999999795e+00 -1.969338727051681611e-03 9.999980608506089386e-01 0.000000000000000000e+00 1.016240000000000032e+00 0.000000000000000000e+00 0.000000000000000000e+00 1.000000000000000000e+00 0.000000000000000000e+00
9.999977166591087485e-01 2.136978373515146645e-03 0.000000000000000000e+00 -3.372930000000000206e+00 -2.136978373515146645e-03 9.999977166591087485e-01 0.000000000000000000e+00 1.026019999999999932e+00 0.000000000000000000e+00 0.000000000000000000e+00 1.000000000000000000e+00 0.000000000000000000e+00
9.999959406050351607e-01 2.849346144453275727e-03 0.000000000000000000e+00 -3.322880000000000056e+00 -2.849346144453275727e-03 9.999959406050351607e-01 0.000000000000000000e+00 1.035760000000000014e+00 0.000000000000000000e+00 0.000000000000000000e+00 1.000000000000000000e+00 0.000000000000000000e+00
9.999958608341633637e-01 2.877206030249125461e-03 0.000000000000000000e+00 -3.272940000000000182e+00 -2.877206030249125461e-03 9.999958608341633637e-01 0.000000000000000000e+00 1.045500000000000096e+00 0.000000000000000000e+00 0.000000000000000000e+00 1.000000000000000000e+00 0.000000000000000000e+00
9.999930700530279548e-01 3.722881400185932502e-03 0.000000000000000000e+00 -3.222879999999999967e+00 -3.722881400185932502e-03 9.999930700530279548e-01 0.000000000000000000e+00 1.055220000000000047e+00 0.000000000000000000e+00 0.000000000000000000e+00 1.000000000000000000e+00 0.000000000000000000e+00
9.999929641449940565e-01 3.751221202292415353e-03 0.000000000000000000e+00 -3.172769999999999868e+00 -3.751221202292415353e-03 9.999929641449940565e-01 0.000000000000000000e+00 1.064910000000000023e+00 0.000000000000000000e+00 0.000000000000000000e+00 1.000000000000000000e+00 0.000000000000000000e+00
9.999927870749412140e-01 3.798130868095881459e-03 0.000000000000000000e+00 -3.122809999999999864e+00 -3.798130868095881459e-03 9.999927870749412140e-01 0.000000000000000000e+00 1.074600000000000000e+00 0.000000000000000000e+00 0.000000000000000000e+00 1.000000000000000000e+00 0.000000000000000000e+00
9.999909275768670280e-01 4.259667118119084793e-03 0.000000000000000000e+00 -3.072610000000000063e+00 -4.259667118119084793e-03 9.999909275768670280e-01 0.000000000000000000e+00 1.083919999999999995e+00 0.000000000000000000e+00 0.000000000000000000e+00 1.000000000000000000e+00 0.000000000000000000e+00
9.999926642184077119e-01 3.830340633791745435e-03 0.000000000000000000e+00 -3.022370000000000001e+00 -3.830340633791745435e-03 9.999926642184077119e-01 0.000000000000000000e+00 1.093239999999999990e+00 0.000000000000000000e+00 0.000000000000000000e+00 1.000000000000000000e+00 0.000000000000000000e+00
9.999921649115947053e-01 3.958549661438747098e-03 0.000000000000000000e+00 -2.972269999999999968e+00 -3.958549661438747098e-03 9.999921649115947053e-01 0.000000000000000000e+00 1.102579999999999893e+00 0.000000000000000000e+00 0.000000000000000000e+00 1.000000000000000000e+00 0.000000000000000000e+00
9.999925240928660974e-01 3.866750364148974391e-03 0.000000000000000000e+00 -2.922070000000000167e+00 -3.866750364148974391e-03 9.999925240928660974e-01 0.000000000000000000e+00 1.111900000000000110e+00 0.000000000000000000e+00 0.000000000000000000e+00 1.000000000000000000e+00 0.000000000000000000e+00
9.999942438488820251e-01 3.392973489828961329e-03 0.000000000000000000e+00 -2.871830000000000105e+00 -3.392973489828961329e-03 9.999942438488820251e-01 0.000000000000000000e+00 1.121240000000000014e+00 0.000000000000000000e+00 0.000000000000000000e+00 1.000000000000000000e+00 0.000000000000000000e+00
9.999925757404743987e-01 3.853370463830889988e-03 0.000000000000000000e+00 -2.821790000000000020e+00 -3.853370463830889988e-03 9.999925757404743987e-01 0.000000000000000000e+00 1.130589999999999984e+00 0.000000000000000000e+00 0.000000000000000000e+00 1.000000000000000000e+00 0.000000000000000000e+00
9.999944797709796607e-01 3.322713885939292990e-03 0.000000000000000000e+00 -2.771549999999999958e+00 -3.322713885939292990e-03 9.999944797709796607e-01 0.000000000000000000e+00 1.139930000000000110e+00 0.000000000000000000e+00 0.000000000000000000e+00 1.000000000000000000e+00 0.000000000000000000e+00
9.999956861962022714e-01 2.937275776382245861e-03 0.000000000000000000e+00 -2.721299999999999830e+00 -2.937275776382245861e-03 9.999956861962022714e-01 0.000000000000000000e+00 1.149299999999999988e+00 0.000000000000000000e+00 0.000000000000000000e+00 1.000000000000000000e+00 0.000000000000000000e+00
9.999948217919392146e-01 3.218134445265252719e-03 0.000000000000000000e+00 -2.671279999999999877e+00 -3.218134445265252719e-03 9.999948217919392146e-01 0.000000000000000000e+00 1.158660000000000023e+00 0.000000000000000000e+00 0.000000000000000000e+00 1.000000000000000000e+00 0.000000000000000000e+00
9.999965699762164428e-01 2.619167005394184167e-03 0.000000000000000000e+00 -2.621039999999999814e+00 -2.619167005394184167e-03 9.999965699762164428e-01 0.000000000000000000e+00 1.168029999999999902e+00 0.000000000000000000e+00 0.000000000000000000e+00 1.000000000000000000e+00 0.000000000000000000e+00
9.999953823038336687e-01 3.038975322303128380e-03 0.000000000000000000e+00 -2.570870000000000211e+00 -3.038975322303128380e-03 9.999953823038336687e-01 0.000000000000000000e+00 1.177419999999999911e+00 0.000000000000000000e+00 0.000000000000000000e+00 1.000000000000000000e+00 0.000000000000000000e+00
9.999971038508187471e-01 2.406717676592832599e-03 0.000000000000000000e+00 -2.520789999999999864e+00 -2.406717676592832599e-03 9.999971038508187471e-01 0.000000000000000000e+00 1.186800000000000077e+00 0.000000000000000000e+00 0.000000000000000000e+00 1.000000000000000000e+00 0.000000000000000000e+00
9.999984470087697197e-01 1.762379087679677436e-03 0.000000000000000000e+00 -2.470549999999999802e+00 -1.762379087679677436e-03 9.999984470087697197e-01 0.000000000000000000e+00 1.196209999999999996e+00 0.000000000000000000e+00 0.000000000000000000e+00 1.000000000000000000e+00 0.000000000000000000e+00
9.999977109284154952e-01 2.139658367388115167e-03 0.000000000000000000e+00 -2.420399999999999885e+00 -2.139658367388115167e-03 9.999977109284154952e-01 0.000000000000000000e+00 1.205629999999999979e+00 0.000000000000000000e+00 0.000000000000000000e+00 1.000000000000000000e+00 0.000000000000000000e+00
9.999989991847948456e-01 1.414789528018853748e-03 0.000000000000000000e+00 -2.370319999999999983e+00 -1.414789528018853748e-03 9.999989991847948456e-01 0.000000000000000000e+00 1.215049999999999963e+00 0.000000000000000000e+00 0.000000000000000000e+00 1.000000000000000000e+00 0.000000000000000000e+00
9.999990597957281180e-01 1.371279570238868265e-03 0.000000000000000000e+00 -2.320120000000000182e+00 -1.371279570238868265e-03 9.999990597957281180e-01 0.000000000000000000e+00 1.224509999999999987e+00 0.000000000000000000e+00 0.000000000000000000e+00 1.000000000000000000e+00 0.000000000000000000e+00
9.999994685298569941e-01 1.030989817353192674e-03 0.000000000000000000e+00 -2.269960000000000200e+00 -1.030989817353192674e-03 9.999994685298569941e-01 0.000000000000000000e+00 1.233959999999999946e+00 0.000000000000000000e+00 0.000000000000000000e+00 1.000000000000000000e+00 0.000000000000000000e+00
9.999999720345845722e-01 2.364969977954210691e-04 0.000000000000000000e+00 -2.219889999999999919e+00 -2.364969977954210691e-04 9.999999720345845722e-01 0.000000000000000000e+00 1.243440000000000101e+00 0.000000000000000000e+00 0.000000000000000000e+00 1.000000000000000000e+00 0.000000000000000000e+00
9.999998486729939629e-01 5.501399722496533437e-04 0.000000000000000000e+00 -2.169760000000000133e+00 -5.501399722496533437e-04 9.999998486729939629e-01 0.000000000000000000e+00 1.252939999999999943e+00 0.000000000000000000e+00 0.000000000000000000e+00 1.000000000000000000e+00 0.000000000000000000e+00
9.999999527357118501e-01 -3.074549951561194303e-04 0.000000000000000000e+00 -2.119540000000000202e+00 3.074549951561194303e-04 9.999999527357118501e-01 0.000000000000000000e+00 1.262450000000000072e+00 0.000000000000000000e+00 0.000000000000000000e+00 1.000000000000000000e+00 0.000000000000000000e+00
9.999995400674666080e-01 -9.590958529601778353e-04 0.000000000000000000e+00 -2.069469999999999921e+00 9.590958529601778353e-04 9.999995400674666080e-01 0.000000000000000000e+00 1.272000000000000020e+00 0.000000000000000000e+00 0.000000000000000000e+00 1.000000000000000000e+00 0.000000000000000000e+00
9.999995559694243585e-01 -9.423698605196313303e-04 0.000000000000000000e+00 -2.019369999999999887e+00 9.423698605196313303e-04 9.999995559694243585e-01 0.000000000000000000e+00 1.281549999999999967e+00 0.000000000000000000e+00 0.000000000000000000e+00 1.000000000000000000e+00 0.000000000000000000e+00
9.999982514944091294e-01 -1.870028910080569423e-03 0.000000000000000000e+00 -1.969170000000000087e+00 1.870028910080569423e-03 9.999982514944091294e-01 0.000000000000000000e+00 1.291130000000000111e+00 0.000000000000000000e+00 0.000000000000000000e+00 1.000000000000000000e+00 0.000000000000000000e+00
9.999985741802676076e-01 -1.688679197415501702e-03 0.000000000000000000e+00 -1.919210000000000083e+00 1.688679197415501702e-03 9.999985741802676076e-01 0.000000000000000000e+00 1.300740000000000007e+00 0.000000000000000000e+00 0.000000000000000000e+00 1.000000000000000000e+00 0.000000000000000000e+00
9.999964570131908426e-01 -2.661946856248012267e-03 0.000000000000000000e+00 -1.869019999999999904e+00 2.661946856248012267e-03 9.999964570131908426e-01 0.000000000000000000e+00 1.310359999999999969e+00 0.000000000000000000e+00 0.000000000000000000e+00 1.000000000000000000e+00 0.000000000000000000e+00
9.999934512095060013e-01 -3.619052099841309038e-03 0.000000000000000000e+00 -1.818840000000000012e+00 3.619052099841309038e-03 9.999934512095060013e-01 0.000000000000000000e+00 1.320019999999999971e+00 0.000000000000000000e+00 0.000000000000000000e+00 1.000000000000000000e+00 0.000000000000000000e+00
9.999937230151739742e-01 -3.543152586543045837e-03 0.000000000000000000e+00 -1.768890000000000073e+00 3.543152586543045837e-03 9.999937230151739742e-01 0.000000000000000000e+00 1.329709999999999948e+00 0.000000000000000000e+00 0.000000000000000000e+00 1.000000000000000000e+00 0.000000000000000000e+00
9.999811900251742713e-01 -6.133481542832843435e-03 0.000000000000000000e+00 -1.718739999999999934e+00 6.133481542832843435e-03 9.999811900251742713e-01 0.000000000000000000e+00 1.339420000000000055e+00 0.000000000000000000e+00 0.000000000000000000e+00 1.000000000000000000e+00 0.000000000000000000e+00
