9.999447233129516999e-01 -1.051429115939180904e-02 0.000000000000000000e+00 -8.112965234342009779e+00 1.051429115939180904e-02 9.999447233129516999e-01 0.000000000000000000e+00 -3.316097282560892274e-03 0.000000000000000000e+00 0.000000000000000000e+00 1.000000000000000000e+00 0.000000000000000000e+00
9.999338046570040994e-01 -1.150592474199552129e-02 0.000000000000000000e+00 -8.109798966005818954e+00 1.150592474199552129e-02 9.999338046570040994e-01 0.000000000000000000e+00 -3.245674540238030134e-03 0.000000000000000000e+00 0.000000000000000000e+00 1.000000000000000000e+00 0.000000000000000000e+00
9.999340612618370372e-01 -1.148360258842332296e-02 0.000000000000000000e+00 -8.095131639660225531e+00 1.148360258842332296e-02 9.999340612618370372e-01 0.000000000000000000e+00 -3.124895713093034638e-03 0.000000000000000000e+00 0.000000000000000000e+00 1.000000000000000000e+00 0.000000000000000000e+00
9.999320386120212900e-01 -1.165839428081989586e-02 0.000000000000000000e+00 -8.083875568076731355e+00 1.165839428081989586e-02 9.999320386120212900e-01 0.000000000000000000e+00 -3.046306394244259995e-03 0.000000000000000000e+00 0.000000000000000000e+00 1.000000000000000000e+00 0.000000000000000000e+00
9.999337743104055320e-01 -1.150856174102879610e-02 0.000000000000000000e+00 -8.052641708296933487e+00 1.150856174102879610e-02 9.999337743104055320e-01 0.000000000000000000e+00 -2.731111657107342106e-03 0.000000000000000000e+00 0.000000000000000000e+00 1.000000000000000000e+00 0.000000000000000000e+00
9.999275701375855974e-01 -1.203555062071890586e-02 0.000000000000000000e+00 -8.004474620101431626e+00 1.203555062071890586e-02 9.999275701375855974e-01 0.000000000000000000e+00 7.772073422090694864e-03 0.000000000000000000e+00 0.000000000000000000e+00 1.000000000000000000e+00 0.000000000000000000e+00
9.999207252867166051e-01 -1.259139158658010606e-02 0.000000000000000000e+00 -7.954533350445673889e+00 1.259139158658010606e-02 9.999207252867166051e-01 0.000000000000000000e+00 1.832584955051089551e-02 0.000000000000000000e+00 0.000000000000000000e+00 1.000000000000000000e+00 0.000000000000000000e+00
9.999138593789435037e-01 -1.312531225938989334e-02 0.000000000000000000e+00 -7.904749137990023655e+00 1.312531225938989334e-02 9.999138593789435037e-01 0.000000000000000000e+00 2.890422487401610521e-02 0.000000000000000000e+00 0.000000000000000000e+00 1.000000000000000000e+00 0.000000000000000000e+00
9.998998931149928326e-01 -1.414933739175964524e-02 0.000000000000000000e+00 -7.854876861191142368e+00 1.414933739175964524e-02 9.998998931149928326e-01 0.000000000000000000e+00 3.952138616382599307e-02 0.000000000000000000e+00 0.000000000000000000e+00 1.000000000000000000e+00 0.000000000000000000e+00
9.998922970054847648e-01 -1.467632069339492966e-02 0.000000000000000000e+00 -7.804957204080779753e+00 1.467632069339492966e-02 9.998922970054847648e-01 0.000000000000000000e+00 5.017924924230995898e-02 0.000000000000000000e+00 0.000000000000000000e+00 1.000000000000000000e+00 0.000000000000000000e+00
9.998821652031495422e-01 -1.535108167724958707e-02 0.000000000000000000e+00 -7.755204311069427092e+00 1.535108167724958707e-02 9.998821652031495422e-01 0.000000000000000000e+00 6.086184394701346645e-02 0.000000000000000000e+00 0.000000000000000000e+00 1.000000000000000000e+00 0.000000000000000000e+00
9.998679043528250210e-01 -1.625342564169224291e-02 0.000000000000000000e+00 -7.705346284672101476e+00 1.625342564169224291e-02 9.998679043528250210e-01 0.000000000000000000e+00 7.159170504156538162e-02 0.000000000000000000e+00 0.000000000000000000e+00 1.000000000000000000e+00 0.000000000000000000e+00
9.998589807759568071e-01 -1.679340828017946222e-02 0.000000000000000000e+00 -7.655451963009201499e+00 1.679340828017946222e-02 9.998589807759568071e-01 0.000000000000000000e+00 8.235469416618326766e-02 0.000000000000000000e+00 0.000000000000000000e+00 1.000000000000000000e+00 0.000000000000000000e+00
9.998413015918176106e-01 -1.781492720108364750e-02 0.000000000000000000e+00 -7.605770242422318361e+00 1.781492720108364750e-02 9.998413015918176106e-01 0.000000000000000000e+00 9.314855544622173411e-02 0.000000000000000000e+00 0.000000000000000000e+00 1.000000000000000000e+00 0.000000000000000000e+00
9.998315000385584739e-01 -1.835678432204263660e-02 0.000000000000000000e+00 -7.555888754715220479e+00 1.835678432204263660e-02 9.998315000385584739e-01 0.000000000000000000e+00 1.039895180054476870e-01 0.000000000000000000e+00 0.000000000000000000e+00 1.000000000000000000e+00 0.000000000000000000e+00
9.998206971817819033e-01 -1.893603672724316136e-02 0.000000000000000000e+00 -7.506016679570302941e+00 1.893603672724316136e-02 9.998206971817819033e-01 0.000000000000000000e+00 1.148578865656610520e-01 0.000000000000000000e+00 0.000000000000000000e+00 1.000000000000000000e+00 0.000000000000000000e+00
9.998011660143003576e-01 -1.994062276975129902e-02 0.000000000000000000e+00 -7.456356853926765282e+00 1.994062276975129902e-02 9.998011660143003576e-01 0.000000000000000000e+00 1.257648797417791897e-01 0.000000000000000000e+00 0.000000000000000000e+00 1.000000000000000000e+00 0.000000000000000000e+00
9.997900389331961790e-01 -2.049092603954634842e-02 0.000000000000000000e+00 -7.406502596894878998e+00 2.049092603954634842e-02 9.997900389331961790e-01 0.000000000000000000e+00 1.367119183974108421e-01 0.000000000000000000e+00 0.000000000000000000e+00 1.000000000000000000e+00 0.000000000000000000e+00
9.997681480784210706e-01 -2.153253556468348942e-02 0.000000000000000000e+00 -7.356713225168037162e+00 2.153253556468348942e-02 9.997681480784210706e-01 0.000000000000000000e+00 1.476893626548450578e-01 0.000000000000000000e+00 0.000000000000000000e+00 1.000000000000000000e+00 0.000000000000000000e+00
9.997556932814507524e-01 -2.210325205316354333e-02 0.000000000000000000e+00 -7.307022874061843254e+00 2.210325205316354333e-02 9.997556932814507524e-01 0.000000000000000000e+00 1.587133357554150748e-01 0.000000000000000000e+00 0.000000000000000000e+00 1.000000000000000000e+00 0.000000000000000000e+00
9.997428887869965752e-01 -2.267501532151681640e-02 0.000000000000000000e+00 -7.257193089918711593e+00 2.267501532151681640e-02 9.997428887869965752e-01 0.000000000000000000e+00 1.697686538845199489e-01 0.000000000000000000e+00 0.000000000000000000e+00 1.000000000000000000e+00 0.000000000000000000e+00
9.997184451502939551e-01 -2.372826218412748753e-02 0.000000000000000000e+00 -7.207426298144307353e+00 2.372826218412748753e-02 9.997184451502939551e-01 0.000000000000000000e+00 1.808627217819759880e-01 0.000000000000000000e+00 0.000000000000000000e+00 1.000000000000000000e+00 0.000000000000000000e+00
9.997048446535654609e-01 -2.429451741011964469e-02 0.000000000000000000e+00 -7.157763168441181101e+00 2.429451741011964469e-02 9.997048446535654609e-01 0.000000000000000000e+00 1.919947367175100228e-01 0.000000000000000000e+00 0.000000000000000000e+00 1.000000000000000000e+00 0.000000000000000000e+00
9.996859852626764908e-01 -2.505854882852736817e-02 0.000000000000000000e+00 -7.107974917957549543e+00 2.505854882852736817e-02 9.996859852626764908e-01 0.000000000000000000e+00 2.031599377216163627e-01 0.000000000000000000e+00 0.000000000000000000e+00 1.000000000000000000e+00 0.000000000000000000e+00
9.996641644288761785e-01 -2.591444301382724719e-02 0.000000000000000000e+00 -7.058214157575997127e+00 2.591444301382724719e-02 9.996641644288761785e-01 0.000000000000000000e+00 2.143727685814119099e-01 0.000000000000000000e+00 0.000000000000000000e+00 1.000000000000000000e+00 0.000000000000000000e+00
9.996490339371589817e-01 -2.649167696664126923e-02 0.000000000000000000e+00 -7.008577019221879034e+00 2.649167696664126923e-02 9.996490339371589817e-01 0.000000000000000000e+00 2.256145450197207247e-01 0.000000000000000000e+00 0.000000000000000000e+00 1.000000000000000000e+00 0.000000000000000000e+00
9.996205260271778803e-01 -2.754639622796617102e-02 0.000000000000000000e+00 -6.958852797272417234e+00 2.754639622796617102e-02 9.996205260271778803e-01 0.000000000000000000e+00 2.368956674090398062e-01 0.000000000000000000e+00 0.000000000000000000e+00 1.000000000000000000e+00 0.000000000000000000e+00
9.996044459531957527e-01 -2.812386229884968059e-02 0.000000000000000000e+00 -6.909079844253922964e+00 2.812386229884968059e-02 9.996044459531957527e-01 0.000000000000000000e+00 2.482229626204043582e-01 0.000000000000000000e+00 0.000000000000000000e+00 1.000000000000000000e+00 0.000000000000000000e+00
9.995866974256015780e-01 -2.874777086625694700e-02 0.000000000000000000e+00 -6.859466279690360935e+00 2.874777086625694700e-02 9.995866974256015780e-01 0.000000000000000000e+00 2.595753732805911040e-01 0.000000000000000000e+00 0.000000000000000000e+00 1.000000000000000000e+00 0.000000000000000000e+00
9.995562546993972397e-01 -2.978747541020807660e-02 0.000000000000000000e+00 -6.809765748920336925e+00 2.978747541020807660e-02 9.995562546993972397e-01 0.000000000000000000e+00 2.709758280351465265e-01 0.000000000000000000e+00 0.000000000000000000e+00 1.000000000000000000e+00 0.000000000000000000e+00
9.995385893789802134e-01 -3.037446859252558237e-02 0.000000000000000000e+00 -6.760020850283779303e+00 3.037446859252558237e-02 9.995385893789802134e-01 0.000000000000000000e+00 2.824153049385818015e-01 0.000000000000000000e+00 0.000000000000000000e+00 1.000000000000000000e+00 0.000000000000000000e+00
9.995051634484592995e-01 -3.145517826795275057e-02 0.000000000000000000e+00 -6.710491534758934229e+00 3.145517826795275057e-02 9.995051634484592995e-01 0.000000000000000000e+00 2.938826716475738121e-01 0.000000000000000000e+00 0.000000000000000000e+00 1.000000000000000000e+00 0.000000000000000000e+00
9.994860937776318677e-01 -3.205539494579332654e-02 0.000000000000000000e+00 -6.660760289682755797e+00 3.205539494579332654e-02 9.994860937776318677e-01 0.000000000000000000e+00 3.054061710349529890e-01 0.000000000000000000e+00 0.000000000000000000e+00 1.000000000000000000e+00 0.000000000000000000e+00
9.994663142804249834e-01 -3.266629178071538825e-02 0.000000000000000000e+00 -6.611039986691920056e+00 3.266629178071538825e-02 9.994663142804249834e-01 0.000000000000000000e+00 3.169596857049816752e-01 0.000000000000000000e+00 0.000000000000000000e+00 1.000000000000000000e+00 0.000000000000000000e+00
9.994302150629464920e-01 -3.375270684304439162e-02 0.000000000000000000e+00 -6.561533453109217540e+00 3.375270684304439162e-02 9.994302150629464920e-01 0.000000000000000000e+00 3.285482907345464998e-01 0.000000000000000000e+00 0.000000000000000000e+00 1.000000000000000000e+00 0.000000000000000000e+00
9.994097905791913261e-01 -3.435215414580208154e-02 0.000000000000000000e+00 -6.511830205631997437e+00 3.435215414580208154e-02 9.994097905791913261e-01 0.000000000000000000e+00 3.401867013188470401e-01 0.000000000000000000e+00 0.000000000000000000e+00 1.000000000000000000e+00 0.000000000000000000e+00
9.993791688862827538e-01 -3.523175834616657648e-02 0.000000000000000000e+00 -6.462163478394126415e+00 3.523175834616657648e-02 9.993791688862827538e-01 0.000000000000000000e+00 3.518557832959527398e-01 0.000000000000000000e+00 0.000000000000000000e+00 1.000000000000000000e+00 0.000000000000000000e+00
9.993502732656517340e-01 -3.604207713031062910e-02 0.000000000000000000e+00 -6.412651579473691577e+00 3.604207713031062910e-02 9.993502732656517340e-01 0.000000000000000000e+00 3.635704211167521405e-01 0.000000000000000000e+00 0.000000000000000000e+00 1.000000000000000000e+00 0.000000000000000000e+00
9.993279011333352502e-01 -3.665714141122902725e-02 0.000000000000000000e+00 -6.362973974046615133e+00 3.665714141122902725e-02 9.993279011333352502e-01 0.000000000000000000e+00 3.753241174551863457e-01 0.000000000000000000e+00 0.000000000000000000e+00 1.000000000000000000e+00 0.000000000000000000e+00
9.992874227504661144e-01 -3.774449274703712415e-02 0.000000000000000000e+00 -6.313358952774376753e+00 3.774449274703712415e-02 9.992874227504661144e-01 0.000000000000000000e+00 3.871154702266857983e-01 0.000000000000000000e+00 0.000000000000000000e+00 1.000000000000000000e+00 0.000000000000000000e+00
9.992640676628505858e-01 -3.835782942104391108e-02 0.000000000000000000e+00 -6.263845359456303719e+00 3.835782942104391108e-02 9.992640676628505858e-01 0.000000000000000000e+00 3.989491488100412875e-01 0.000000000000000000e+00 0.000000000000000000e+00 1.000000000000000000e+00 0.000000000000000000e+00
9.992379988456780993e-01 -3.903103461201980900e-02 0.000000000000000000e+00 -6.214191096609233966e+00 3.903103461201980900e-02 9.992379988456780993e-01 0.000000000000000000e+00 4.108199674295547887e-01 0.000000000000000000e+00 0.000000000000000000e+00 1.000000000000000000e+00 0.000000000000000000e+00
9.991958566716391266e-01 -4.009538639580913916e-02 0.000000000000000000e+00 -6.164598636440850044e+00 4.009538639580913916e-02 9.991958566716391266e-01 0.000000000000000000e+00 4.227369948875978056e-01 0.000000000000000000e+00 0.000000000000000000e+00 1.000000000000000000e+00 0.000000000000000000e+00
9.991706244108365942e-01 -4.071932360021291580e-02 0.000000000000000000e+00 -6.115111617383848674e+00 4.071932360021291580e-02 9.991706244108365942e-01 0.000000000000000000e+00 4.346888873475363568e-01 0.000000000000000000e+00 0.000000000000000000e+00 1.000000000000000000e+00 0.000000000000000000e+00
9.991244749375663980e-01 -4.183639062744472226e-02 0.000000000000000000e+00 -6.065539802935671077e+00 4.183639062744472226e-02 9.991244749375663980e-01 0.000000000000000000e+00 4.466815398729110376e-01 0.000000000000000000e+00 0.000000000000000000e+00 1.000000000000000000e+00 0.000000000000000000e+00
9.990977755435218599e-01 -4.246922302075258060e-02 0.000000000000000000e+00 -6.015915334063959286e+00 4.246922302075258060e-02 9.990977755435218599e-01 0.000000000000000000e+00 4.587276991581574759e-01 0.000000000000000000e+00 0.000000000000000000e+00 1.000000000000000000e+00 0.000000000000000000e+00
9.990699224641543807e-01 -4.311948547314382180e-02 0.000000000000000000e+00 -5.966451058600279467e+00 4.311948547314382180e-02 9.990699224641543807e-01 0.000000000000000000e+00 4.707996399467173632e-01 0.000000000000000000e+00 0.000000000000000000e+00 1.000000000000000000e+00 0.000000000000000000e+00
9.990210810583347589e-01 -4.423663189073168134e-02 0.000000000000000000e+00 -5.916900836336684399e+00 4.423663189073168134e-02 9.990210810583347589e-01 0.000000000000000000e+00 4.829202711978746176e-01 0.000000000000000000e+00 0.000000000000000000e+00 1.000000000000000000e+00 0.000000000000000000e+00
9.989927159860677586e-01 -4.487263538928534107e-02 0.000000000000000000e+00 -5.867303810190579227e+00 4.487263538928534107e-02 9.989927159860677586e-01 0.000000000000000000e+00 4.950880374512087179e-01 0.000000000000000000e+00 0.000000000000000000e+00 1.000000000000000000e+00 0.000000000000000000e+00
9.989478827570859032e-01 -4.585986845963930386e-02 0.000000000000000000e+00 -5.817904571396898206e+00 4.585986845963930386e-02 9.989478827570859032e-01 0.000000000000000000e+00 5.072825617795269082e-01 0.000000000000000000e+00 0.000000000000000000e+00 1.000000000000000000e+00 0.000000000000000000e+00
9.989542430184482624e-01 -4.572111498464451196e-02 0.000000000000000000e+00 -5.768326725174526715e+00 4.572111498464451196e-02 9.989542430184482624e-01 0.000000000000000000e+00 5.193410547206320782e-01 0.000000000000000000e+00 0.000000000000000000e+00 1.000000000000000000e+00 0.000000000000000000e+00
9.989655801562828952e-01 -4.547273538089675188e-02 0.000000000000000000e+00 -5.718733898545388605e+00 4.547273538089675188e-02 9.989655801562828952e-01 0.000000000000000000e+00 5.313886658459822110e-01 0.000000000000000000e+00 0.000000000000000000e+00 1.000000000000000000e+00 0.000000000000000000e+00
9.989551817631726616e-01 -4.570059987031536985e-02 0.000000000000000000e+00 -5.669344533785591445e+00 4.570059987031536985e-02 9.989551817631726616e-01 0.000000000000000000e+00 5.434239908820345244e-01 0.000000000000000000e+00 0.000000000000000000e+00 1.000000000000000000e+00 0.000000000000000000e+00
9.989657773281740427e-01 -4.546840361302625227e-02 0.000000000000000000e+00 -5.619748295631576518e+00 4.546840361302625227e-02 9.989657773281740427e-01 0.000000000000000000e+00 5.554710641189728459e-01 0.000000000000000000e+00 0.000000000000000000e+00 1.000000000000000000e+00 0.000000000000000000e+00
9.989723170040262223e-01 -4.532449513902364613e-02 0.000000000000000000e+00 -5.570153975519489542e+00 4.532449513902364613e-02 9.989723170040262223e-01 0.000000000000000000e+00 5.675072880266609499e-01 0.000000000000000000e+00 0.000000000000000000e+00 1.000000000000000000e+00 0.000000000000000000e+00
9.995455704660575202e-01 -3.014386441191006100e-02 0.000000000000000000e+00 -5.520747637381660411e+00 3.014386441191006100e-02 9.995455704660575202e-01 0.000000000000000000e+00 5.792912644069622141e-01 0.000000000000000000e+00 0.000000000000000000e+00 1.000000000000000000e+00 0.000000000000000000e+00
9.995541104834632096e-01 -2.985934050866807105e-02 0.000000000000000000e+00 -5.470968369879745552e+00 2.985934050866807105e-02 9.995541104834632096e-01 0.000000000000000000e+00 5.905613130282665324e-01 0.000000000000000000e+00 0.000000000000000000e+00 1.000000000000000000e+00 0.000000000000000000e+00
9.995463197679094192e-01 -3.011900792569659549e-02 0.000000000000000000e+00 -5.421243986309197460e+00 3.011900792569659549e-02 9.995463197679094192e-01 0.000000000000000000e+00 6.018267728499401281e-01 0.000000000000000000e+00 0.000000000000000000e+00 1.000000000000000000e+00 0.000000000000000000e+00
9.995511403739169021e-01 -2.995860105549567193e-02 0.000000000000000000e+00 -5.371609610216882658e+00 2.995860105549567193e-02 9.995511403739169021e-01 0.000000000000000000e+00 6.130961201241132974e-01 0.000000000000000000e+00 0.000000000000000000e+00 1.000000000000000000e+00 0.000000000000000000e+00
9.995543482308213434e-01 -2.985138075295435192e-02 0.000000000000000000e+00 -5.321828421147904109e+00 2.985138075295435192e-02 9.995543482308213434e-01 0.000000000000000000e+00 6.243627854521238696e-01 0.000000000000000000e+00 0.000000000000000000e+00 1.000000000000000000e+00 0.000000000000000000e+00
9.995450612517530198e-01 -3.016074480561390866e-02 0.000000000000000000e+00 -5.272102872785271011e+00 3.016074480561390866e-02 9.995450612517530198e-01 0.000000000000000000e+00 6.356355620349867230e-01 0.000000000000000000e+00 0.000000000000000000e+00 1.000000000000000000e+00 0.000000000000000000e+00
9.995485965921708793e-01 -3.004335285252920928e-02 0.000000000000000000e+00 -5.222471780287251342e+00 3.004335285252920928e-02 9.995485965921708793e-01 0.000000000000000000e+00 6.469075163496683656e-01 0.000000000000000000e+00 0.000000000000000000e+00 1.000000000000000000e+00 0.000000000000000000e+00
9.995378908791935357e-01 -3.039744556329498221e-02 0.000000000000000000e+00 -5.172749217629712959e+00 3.039744556329498221e-02 9.995378908791935357e-01 0.000000000000000000e+00 6.581813432779115569e-01 0.000000000000000000e+00 0.000000000000000000e+00 1.000000000000000000e+00 0.000000000000000000e+00
9.995395459022453633e-01 -3.034297575276923356e-02 0.000000000000000000e+00 -5.122967623893723399e+00 3.034297575276923356e-02 9.995395459022453633e-01 0.000000000000000000e+00 6.694717050728559160e-01 0.000000000000000000e+00 0.000000000000000000e+00 1.000000000000000000e+00 0.000000000000000000e+00
9.995413332634820458e-01 -3.028404031599376406e-02 0.000000000000000000e+00 -5.073337995871277428e+00 3.028404031599376406e-02 9.995413332634820458e-01 0.000000000000000000e+00 6.807541781406152293e-01 0.000000000000000000e+00 0.000000000000000000e+00 1.000000000000000000e+00 0.000000000000000000e+00
9.995278192387890837e-01 -3.072683790679575991e-02 0.000000000000000000e+00 -5.023616316799230042e+00 3.072683790679575991e-02 9.995278192387890837e-01 0.000000000000000000e+00 6.920484306378299477e-01 0.000000000000000000e+00 0.000000000000000000e+00 1.000000000000000000e+00 0.000000000000000000e+00
9.995291019739278582e-01 -3.068508281222830786e-02 0.000000000000000000e+00 -4.973835702595869712e+00 3.068508281222830786e-02 9.995291019739278582e-01 0.000000000000000000e+00 7.033548930876624139e-01 0.000000000000000000e+00 0.000000000000000000e+00 1.000000000000000000e+00 0.000000000000000000e+00
9.995227037434757378e-01 -3.089279367962604814e-02 0.000000000000000000e+00 -4.924223869403917320e+00 3.089279367962604814e-02 9.995227037434757378e-01 0.000000000000000000e+00 7.146557389668858340e-01 0.000000000000000000e+00 0.000000000000000000e+00 1.000000000000000000e+00 0.000000000000000000e+00
9.995139036991090853e-01 -3.117621388443441235e-02 0.000000000000000000e+00 -4.874487474072476623e+00 3.117621388443441235e-02 9.995139036991090853e-01 0.000000000000000000e+00 7.259810156860910801e-01 0.000000000000000000e+00 0.000000000000000000e+00 1.000000000000000000e+00 0.000000000000000000e+00
9.995139057199926569e-01 -3.117614909454956285e-02 0.000000000000000000e+00 -4.824711993036993718e+00 3.117614909454956285e-02 9.995139057199926569e-01 0.000000000000000000e+00 7.373107583426031786e-01 0.000000000000000000e+00 0.000000000000000000e+00 1.000000000000000000e+00 0.000000000000000000e+00
9.994961877199802780e-01 -3.173910416546145419e-02 0.000000000000000000e+00 -4.775147465695483540e+00 3.173910416546145419e-02 9.994961877199802780e-01 0.000000000000000000e+00 7.486438646253721352e-01 0.000000000000000000e+00 0.000000000000000000e+00 1.000000000000000000e+00 0.000000000000000000e+00
9.994953848999352797e-01 -3.176437570187994053e-02 0.000000000000000000e+00 -4.725371118334495080e+00 3.176437570187994053e-02 9.994953848999352797e-01 0.000000000000000000e+00 7.600027042467092375e-01 0.000000000000000000e+00 0.000000000000000000e+00 1.000000000000000000e+00 0.000000000000000000e+00
9.994930819596781202e-01 -3.183675729002814758e-02 0.000000000000000000e+00 -4.675599497880640776e+00 3.183675729002814758e-02 9.994930819596781202e-01 0.000000000000000000e+00 7.713635792059512220e-01 0.000000000000000000e+00 0.000000000000000000e+00 1.000000000000000000e+00 0.000000000000000000e+00
9.994736739829527261e-01 -3.244033006950432230e-02 0.000000000000000000e+00 -4.626035537876565407e+00 3.244033006950432230e-02 9.994736739829527261e-01 0.000000000000000000e+00 7.827391983185258972e-01 0.000000000000000000e+00 0.000000000000000000e+00 1.000000000000000000e+00 0.000000000000000000e+00
9.994718537789084589e-01 -3.249636139250258737e-02 0.000000000000000000e+00 -4.576266465716450682e+00 3.249636139250258737e-02 9.994718537789084589e-01 0.000000000000000000e+00 7.941340484733994121e-01 0.000000000000000000e+00 0.000000000000000000e+00 1.000000000000000000e+00 0.000000000000000000e+00
9.994497106268900311e-01 -3.317040741121303482e-02 0.000000000000000000e+00 -4.526561055495347929e+00 3.317040741121303482e-02 9.994497106268900311e-01 0.000000000000000000e+00 8.055365734402357702e-01 0.000000000000000000e+00 0.000000000000000000e+00 1.000000000000000000e+00 0.000000000000000000e+00
9.994467126617296859e-01 -3.326061559354943908e-02 0.000000000000000000e+00 -4.476943984008686428e+00 3.326061559354943908e-02 9.994467126617296859e-01 0.000000000000000000e+00 8.169647734786340543e-01 0.000000000000000000e+00 0.000000000000000000e+00 1.000000000000000000e+00 0.000000000000000000e+00
9.994430790710147061e-01 -3.336962236899785467e-02 0.000000000000000000e+00 -4.427181071503302867e+00 3.336962236899785467e-02 9.994430790710147061e-01 0.000000000000000000e+00 8.284027132759609335e-01 0.000000000000000000e+00 0.000000000000000000e+00 1.000000000000000000e+00 0.000000000000000000e+00
9.994177965160299104e-01 -3.411844086478018484e-02 0.000000000000000000e+00 -4.377478591943980923e+00 3.411844086478018484e-02 9.994177965160299104e-01 0.000000000000000000e+00 8.398610529046399709e-01 0.000000000000000000e+00 0.000000000000000000e+00 1.000000000000000000e+00 0.000000000000000000e+00
9.994140719004552809e-01 -3.422737044167272619e-02 0.000000000000000000e+00 -4.327868862167395747e+00 3.422737044167272619e-02 9.994140719004552809e-01 0.000000000000000000e+00 8.513375736188809606e-01 0.000000000000000000e+00 0.000000000000000000e+00 1.000000000000000000e+00 0.000000000000000000e+00
9.993964366124621357e-01 -3.473848710454835453e-02 0.000000000000000000e+00 -4.278138443625356224e+00 3.473848710454835453e-02 9.993964366124621357e-01 0.000000000000000000e+00 8.628274867004163129e-01 0.000000000000000000e+00 0.000000000000000000e+00 1.000000000000000000e+00 0.000000000000000000e+00
9.993809867622718279e-01 -3.518015488976606459e-02 0.000000000000000000e+00 -4.228416483653383295e+00 3.518015488976606459e-02 9.993809867622718279e-01 0.000000000000000000e+00 8.743521703953038848e-01 0.000000000000000000e+00 0.000000000000000000e+00 1.000000000000000000e+00 0.000000000000000000e+00
9.993754215795620510e-01 -3.533789386299949348e-02 0.000000000000000000e+00 -4.178815043045994493e+00 3.533789386299949348e-02 9.993754215795620510e-01 0.000000000000000000e+00 8.858841947445073028e-01 0.000000000000000000e+00 0.000000000000000000e+00 1.000000000000000000e+00 0.000000000000000000e+00
9.993440393339144689e-01 -3.621451432472391069e-02 0.000000000000000000e+00 -4.129127280233705122e+00 3.621451432472391069e-02 9.993440393339144689e-01 0.000000000000000000e+00 8.974412998256756646e-01 0.000000000000000000e+00 0.000000000000000000e+00 1.000000000000000000e+00 0.000000000000000000e+00
9.993380174858298437e-01 -3.638030796311812060e-02 0.000000000000000000e+00 -4.079377995131254764e+00 3.638030796311812060e-02 9.993380174858298437e-01 0.000000000000000000e+00 9.090321994630004010e-01 0.000000000000000000e+00 0.000000000000000000e+00 1.000000000000000000e+00 0.000000000000000000e+00
9.993287086040546496e-01 -3.663512194264303273e-02 0.000000000000000000e+00 -4.029784718171394609e+00 3.663512194264303273e-02 9.993287086040546496e-01 0.000000000000000000e+00 9.206277019633570813e-01 0.000000000000000000e+00 0.000000000000000000e+00 1.000000000000000000e+00 0.000000000000000000e+00
9.994102418210265570e-01 -3.433902362090561489e-02 0.000000000000000000e+00 -3.980073367359551195e+00 3.433902362090561489e-02 9.994102418210265570e-01 0.000000000000000000e+00 9.322482174273165612e-01 0.000000000000000000e+00 0.000000000000000000e+00 1.000000000000000000e+00 0.000000000000000000e+00
9.998402683255830370e-01 -1.787282391302897830e-02 0.000000000000000000e+00 -3.930134742277509474e+00 1.787282391302897830e-02 9.998402683255830370e-01 0.000000000000000000e+00 9.433034920805798418e-01 0.000000000000000000e+00 0.000000000000000000e+00 1.000000000000000000e+00 0.000000000000000000e+00
9.998470794008227358e-01 -1.748764745884438462e-02 0.000000000000000000e+00 -3.880338582795167746e+00 1.748764745884438462e-02 9.998470794008227358e-01 0.000000000000000000e+00 9.539741458195021284e-01 0.000000000000000000e+00 0.000000000000000000e+00 1.000000000000000000e+00 0.000000000000000000e+00
9.998446164911958256e-01 -1.762790043010126206e-02 0.000000000000000000e+00 -3.830361764373781952e+00 1.762790043010126206e-02 9.998446164911958256e-01 0.000000000000000000e+00 9.646340177180499076e-01 0.000000000000000000e+00 0.000000000000000000e+00 1.000000000000000000e+00 0.000000000000000000e+00
9.998417330054421015e-01 -1.779069815027627122e-02 0.000000000000000000e+00 -3.780383836052504609e+00 1.779069815027627122e-02 9.998417330054421015e-01 0.000000000000000000e+00 9.753037685318346472e-01 0.000000000000000000e+00 0.000000000000000000e+00 1.000000000000000000e+00 0.000000000000000000e+00
9.998493187477357491e-01 -1.735914167488591606e-02 0.000000000000000000e+00 -3.730577564535991986e+00 1.735914167488591606e-02 9.998493187477357491e-01 0.000000000000000000e+00 9.859641971115682413e-01 0.000000000000000000e+00 0.000000000000000000e+00 1.000000000000000000e+00 0.000000000000000000e+00
9.998455633160681089e-01 -1.757411497556629967e-02 0.000000000000000000e+00 -3.680588186180707932e+00 1.757411497556629967e-02 9.998455633160681089e-01 0.000000000000000000e+00 9.966233864369347106e-01 0.000000000000000000e+00 0.000000000000000000e+00 1.000000000000000000e+00 0.000000000000000000e+00
9.998486757773987765e-01 -1.739613595549324362e-02 0.000000000000000000e+00 -3.630586625328234174e+00 1.739613595549324362e-02 9.998486757773987765e-01 0.000000000000000000e+00 1.007292347739023208e+00 0.000000000000000000e+00 0.000000000000000000e+00 1.000000000000000000e+00 0.000000000000000000e+00
9.998499814131893704e-01 -1.732093150049551777e-02 0.000000000000000000e+00 -3.580775888016484387e+00 1.732093150049551777e-02 9.998499814131893704e-01 0.000000000000000000e+00 1.017942320753083774e+00 0.000000000000000000e+00 0.000000000000000000e+00 1.000000000000000000e+00 0.000000000000000000e+00
9.998458821509546013e-01 -1.755596610213660397e-02 0.000000000000000000e+00 -3.530774963207041317e+00 1.755596610213660397e-02 9.998458821509546013e-01 0.000000000000000000e+00 1.028604543651699510e+00 0.000000000000000000e+00 0.000000000000000000e+00 1.000000000000000000e+00 0.000000000000000000e+00
9.998543111889645063e-01 -1.706916508916871827e-02 0.000000000000000000e+00 -3.480800234047402686e+00 1.706916508916871827e-02 9.998543111889645063e-01 0.000000000000000000e+00 1.039266692502186729e+00 0.000000000000000000e+00 0.000000000000000000e+00 1.000000000000000000e+00 0.000000000000000000e+00
9.998495900812601755e-01 -1.734350640256717910e-02 0.000000000000000000e+00 -3.430933779763755798e+00 1.734350640256717910e-02 9.998495900812601755e-01 0.000000000000000000e+00 1.049917341120746972e+00 0.000000000000000000e+00 0.000000000000000000e+00 1.000000000000000000e+00 0.000000000000000000e+00
9.998469628670791920e-01 -1.749430894541540923e-02 0.000000000000000000e+00 -3.380909409831192924e+00 1.749430894541540923e-02 9.998469628670791920e-01 0.000000000000000000e+00 1.060585791799055100e+00 0.000000000000000000e+00 0.000000000000000000e+00 1.000000000000000000e+00 0.000000000000000000e+00
9.998536719779819171e-01 -1.710656693045233337e-02 0.000000000000000000e+00 -3.330927726754993046e+00 1.710656693045233337e-02 9.998536719779819171e-01 0.000000000000000000e+00 1.071241591767777557e+00 0.000000000000000000e+00 0.000000000000000000e+00 1.000000000000000000e+00 0.000000000000000000e+00
9.998484461352499242e-01 -1.740932970927541734e-02 0.000000000000000000e+00 -3.281048738101903339e+00 1.740932970927541734e-02 9.998484461352499242e-01 0.000000000000000000e+00 1.081900384799300507e+00 0.000000000000000000e+00 0.000000000000000000e+00 1.000000000000000000e+00 0.000000000000000000e+00
9.998571764418295871e-01 -1.690049460140438664e-02 0.000000000000000000e+00 -3.231051446210464473e+00 1.690049460140438664e-02 9.998571764418295871e-01 0.000000000000000000e+00 1.092569973230908431e+00 0.000000000000000000e+00 0.000000000000000000e+00 1.000000000000000000e+00 0.000000000000000000e+00
9.998518112267930080e-01 -1.721498145515961212e-02 0.000000000000000000e+00 -3.181004666085072152e+00 1.721498145515961212e-02 9.998518112267930080e-01 0.000000000000000000e+00 1.103224668269150222e+00 0.000000000000000000e+00 0.000000000000000000e+00 1.000000000000000000e+00 0.000000000000000000e+00
9.998465658299595660e-01 -1.751698598607737481e-02 0.000000000000000000e+00 -3.131107035082839385e+00 1.751698598607737481e-02 9.998465658299595660e-01 0.000000000000000000e+00 1.113895516430697397e+00 0.000000000000000000e+00 0.000000000000000000e+00 1.000000000000000000e+00 0.000000000000000000e+00
9.998536093368564082e-01 -1.711022782025254860e-02 0.000000000000000000e+00 -3.080928777632363946e+00 1.711022782025254860e-02 9.998536093368564082e-01 0.000000000000000000e+00 1.124225090946767924e+00 0.000000000000000000e+00 0.000000000000000000e+00 1.000000000000000000e+00 0.000000000000000000e+00
9.998451099309364487e-01 -1.759989054493230065e-02 0.000000000000000000e+00 -3.030705125919063381e+00 1.759989054493230065e-02 9.998451099309364487e-01 0.000000000000000000e+00 1.134557431279987760e+00 0.000000000000000000e+00 0.000000000000000000e+00 1.000000000000000000e+00 0.000000000000000000e+00
9.998462012137829813e-01 -1.753778544649995871e-02 0.000000000000000000e+00 -2.980636242208921871e+00 1.753778544649995871e-02 9.998462012137829813e-01 0.000000000000000000e+00 1.144907989674212700e+00 0.000000000000000000e+00 0.000000000000000000e+00 1.000000000000000000e+00 0.000000000000000000e+00
9.998433187563472435e-01 -1.770135413728145257e-02 0.000000000000000000e+00 -2.930460603467032854e+00 1.770135413728145257e-02 9.998433187563472435e-01 0.000000000000000000e+00 1.155247444104773313e+00 0.000000000000000000e+00 0.000000000000000000e+00 1.000000000000000000e+00 0.000000000000000000e+00
9.998334087144560289e-01 -1.825252909685352171e-02 0.000000000000000000e+00 -2.880242389335762265e+00 1.825252909685352171e-02 9.998334087144560289e-01 0.000000000000000000e+00 1.165609925581184037e+00 0.000000000000000000e+00 0.000000000000000000e+00 1.000000000000000000e+00 0.000000000000000000e+00
9.998402230787987177e-01 -1.787535492621132593e-02 0.000000000000000000e+00 -2.830227925614464013e+00 1.787535492621132593e-02 9.998402230787987177e-01 0.000000000000000000e+00 1.175979113649538998e+00 0.000000000000000000e+00 0.000000000000000000e+00 1.000000000000000000e+00 0.000000000000000000e+00
9.998289568336885536e-01 -1.849478512603172989e-02 0.000000000000000000e+00 -2.780005965615953922e+00 1.849478512603172989e-02 9.998289568336885536e-01 0.000000000000000000e+00 1.186350763202236314e+00 0.000000000000000000e+00 0.000000000000000000e+00 1.000000000000000000e+00 0.000000000000000000e+00
9.998199636752316266e-01 -1.897472625516374509e-02 0.000000000000000000e+00 -2.729778726436951075e+00 1.897472625516374509e-02 9.998199636752316266e-01 0.000000000000000000e+00 1.196754086335172440e+00 0.000000000000000000e+00 0.000000000000000000e+00 1.000000000000000000e+00 0.000000000000000000e+00
9.998233742448620065e-01 -1.879415636889576746e-02 0.000000000000000000e+00 -2.679784486307563718e+00 1.879415636889576746e-02 9.998233742448620065e-01 0.000000000000000000e+00 1.207149623175253206e+00 0.000000000000000000e+00 0.000000000000000000e+00 1.000000000000000000e+00 0.000000000000000000e+00
9.998098772083805486e-01 -1.949895988413023751e-02 0.000000000000000000e+00 -2.629570586793741782e+00 1.949895988413023751e-02 9.998098772083805486e-01 0.000000000000000000e+00 1.217569072054091706e+00 0.000000000000000000e+00 0.000000000000000000e+00 1.000000000000000000e+00 0.000000000000000000e+00
9.998158382100562624e-01 -1.919087450645913170e-02 0.000000000000000000e+00 -2.579421985762736735e+00 1.919087450645913170e-02 9.998158382100562624e-01 0.000000000000000000e+00 1.228012462259687521e+00 0.000000000000000000e+00 0.000000000000000000e+00 1.000000000000000000e+00 0.000000000000000000e+00
9.998011714058026023e-01 -1.994035244384688085e-02 0.000000000000000000e+00 -2.529356526998654875e+00 1.994035244384688085e-02 9.998011714058026023e-01 0.000000000000000000e+00 1.238449211812047590e+00 0.000000000000000000e+00 0.000000000000000000e+00 1.000000000000000000e+00 0.000000000000000000e+00
9.997855744993361382e-01 -2.070760785393425951e-02 0.000000000000000000e+00 -2.479146601039047493e+00 2.070760785393425951e-02 9.997855744993361382e-01 0.000000000000000000e+00 1.248928355475418472e+00 0.000000000000000000e+00 0.000000000000000000e+00 1.000000000000000000e+00 0.000000000000000000e+00
9.997906895935800842e-01 -2.045915447894880446e-02 0.000000000000000000e+00 -2.429012369847542985e+00 2.045915447894880446e-02 9.997906895935800842e-01 0.000000000000000000e+00 1.259417030662462356e+00 0.000000000000000000e+00 0.000000000000000000e+00 1.000000000000000000e+00 0.000000000000000000e+00
9.997727388887580613e-01 -2.131831547921279879e-02 0.000000000000000000e+00 -2.378955858611994323e+00 2.131831547921279879e-02 9.997727388887580613e-01 0.000000000000000000e+00 1.269920500312744505e+00 0.000000000000000000e+00 0.000000000000000000e+00 1.000000000000000000e+00 0.000000000000000000e+00
9.997688059791431936e-01 -2.150196714345650045e-02 0.000000000000000000e+00 -2.328771364452536741e+00 2.150196714345650045e-02 9.997688059791431936e-01 0.000000000000000000e+00 1.280466696784230862e+00 0.000000000000000000e+00 0.000000000000000000e+00 1.000000000000000000e+00 0.000000000000000000e+00
9.997582336986624574e-01 -2.198804565509452150e-02 0.000000000000000000e+00 -2.278624860839336019e+00 2.198804565509452150e-02 9.997582336986624574e-01 0.000000000000000000e+00 1.291009902665449127e+00 0.000000000000000000e+00 0.000000000000000000e+00 1.000000000000000000e+00 0.000000000000000000e+00
9.997369835117895231e-01 -2.293390064398073691e-02 0.000000000000000000e+00 -2.228577857522895833e+00 2.293390064398073691e-02 9.997369835117895231e-01 0.000000000000000000e+00 1.301592946627060154e+00 0.000000000000000000e+00 0.000000000000000000e+00 1.000000000000000000e+00 0.000000000000000000e+00
9.997405565433520325e-01 -2.277761186755053457e-02 0.000000000000000000e+00 -2.178459545321199009e+00 2.277761186755053457e-02 9.997405565433520325e-01 0.000000000000000000e+00 1.312204963486603981e+00 0.000000000000000000e+00 0.000000000000000000e+00 1.000000000000000000e+00 0.000000000000000000e+00
9.997167883056529147e-01 -2.379796587589889934e-02 0.000000000000000000e+00 -2.128262681920090937e+00 2.379796587589889934e-02 9.997167883056529147e-01 0.000000000000000000e+00 1.322833121568969705e+00 0.000000000000000000e+00 0.000000000000000000e+00 1.000000000000000000e+00 0.000000000000000000e+00
9.996969284125830635e-01 -2.461810964405447555e-02 0.000000000000000000e+00 -2.078208384300991085e+00 2.461810964405447555e-02 9.996969284125830635e-01 0.000000000000000000e+00 1.333509889982363195e+00 0.000000000000000000e+00 0.000000000000000000e+00 1.000000000000000000e+00 0.000000000000000000e+00
9.996930328864951365e-01 -2.477579460281813598e-02 0.000000000000000000e+00 -2.028114821275663449e+00 2.477579460281813598e-02 9.996930328864951365e-01 0.000000000000000000e+00 1.344199943978766409e+00 0.000000000000000000e+00 0.000000000000000000e+00 1.000000000000000000e+00 0.000000000000000000e+00
9.996649716888263981e-01 -2.588328376342200615e-02 0.000000000000000000e+00 -1.977931662913441579e+00 2.588328376342200615e-02 9.996649716888263981e-01 0.000000000000000000e+00 1.354932368692259192e+00 0.000000000000000000e+00 0.000000000000000000e+00 1.000000000000000000e+00 0.000000000000000000e+00
9.996648542693138406e-01 -2.588781834592409140e-02 0.000000000000000000e+00 -1.927979327357675521e+00 2.588781834592409140e-02 9.996648542693138406e-01 0.000000000000000000e+00 1.365702997212032699e+00 0.000000000000000000e+00 0.000000000000000000e+00 1.000000000000000000e+00 0.000000000000000000e+00
9.996340194805876100e-01 -2.705230299039768777e-02 0.000000000000000000e+00 -1.877798375932644204e+00 2.705230299039768777e-02 9.996340194805876100e-01 0.000000000000000000e+00 1.376493390391443361e+00 0.000000000000000000e+00 0.000000000000000000e+00 1.000000000000000000e+00 0.000000000000000000e+00
9.996021225896443152e-01 -2.820632046683233321e-02 0.000000000000000000e+00 -1.827624486376723034e+00 2.820632046683233321e-02 9.996021225896443152e-01 0.000000000000000000e+00 1.387344528512010289e+00 0.000000000000000000e+00 0.000000000000000000e+00 1.000000000000000000e+00 0.000000000000000000e+00
9.995985277661153523e-01 -2.833343056911418953e-02 0.000000000000000000e+00 -1.777688128942541912e+00 2.833343056911418953e-02 9.995985277661153523e-01 0.000000000000000000e+00 1.398218366312223182e+00 0.000000000000000000e+00 0.000000000000000000e+00 1.000000000000000000e+00 0.000000000000000000e+00
9.995153021687361861e-01 -3.113134642992404152e-02 0.000000000000000000e+00 -1.727533866128622364e+00 3.113134642992404152e-02 9.995153021687361861e-01 0.000000000000000000e+00 1.409140297318237867e+00 0.000000000000000000e+00 0.000000000000000000e+00 1.000000000000000000e+00 0.000000000000000000e+00
