3.330669073875469621e-16 0.000000000000000000e+00 1.000000000000000222e+00 5.000000000000000000e+01 0.000000000000000000e+00 1.000000000000000000e+00 0.000000000000000000e+00 5.000000000000000000e+01 -1.000000000000000222e+00 0.000000000000000000e+00 3.330669073875469621e-16 5.000000000000000000e+01
2.220446049250313081e-16 0.000000000000000000e+00 1.000000000000000000e+00 5.050000000000000000e+01 0.000000000000000000e+00 1.000000000000000000e+00 0.000000000000000000e+00 5.000000000000000000e+01 -1.000000000000000000e+00 0.000000000000000000e+00 2.220446049250313081e-16 5.000000000000000000e+01
3.330669073875469621e-16 0.000000000000000000e+00 1.000000000000000222e+00 5.100000000000000000e+01 0.000000000000000000e+00 1.000000000000000000e+00 0.000000000000000000e+00 5.000000000000000000e+01 -1.000000000000000222e+00 0.000000000000000000e+00 3.330669073875469621e-16 5.000000000000000000e+01
2.220446049250313081e-16 0.000000000000000000e+00 1.000000000000000000e+00 5.150000000000000000e+01 0.000000000000000000e+00 1.000000000000000000e+00 0.000000000000000000e+00 5.000000000000000000e+01 -1.000000000000000000e+00 0.000000000000000000e+00 2.220446049250313081e-16 5.000000000000000000e+01
3.330669073875469621e-16 0.000000000000000000e+00 1.000000000000000222e+00 5.200000000000000000e+01 0.000000000000000000e+00 1.000000000000000000e+00 0.000000000000000000e+00 5.000000000000000000e+01 -1.000000000000000222e+00 0.000000000000000000e+00 3.330669073875469621e-16 5.000000000000000000e+01
-4.974854376587345417e-03 5.024916146253945518e-03 9.999750002083326317e-01 5.250000000000000000e+01 5.024916146253947252e-03 9.999748752098951421e-01 -4.999916667083331365e-03 5.000000000000000000e+01 -9.999750002083326317e-01 4.999916667083333099e-03 -4.999979166692203325e-03 5.000000000000000000e+01
-9.924210230252250575e-03 1.007445427800143442e-02 9.999000027114243183e-01 5.299998750010416870e+01 1.007445427800143789e-02 9.998995027270648484e-01 -9.974458239389184105e-03 4.999750004166645567e+01 -9.999000027114243183e-01 9.974458239389187575e-03 -1.002470750318751325e-02 4.999750001041665115e+01
-1.484769574373695500e-02 1.514823505185415933e-02 9.997750131434148813e-01 5.349993750145988258e+01 1.514823505185416280e-02 9.997738882138191840e-01 -1.492325100759878467e-02 4.999251281254676371e+01 -9.997750131434148813e-01 1.492325100759879161e-02 -1.507380752991799300e-02 4.999248765666505534e+01
-1.974494104327689792e-02 2.024587730321051118e-02 9.996000408940671766e-01 5.399982500803159269e+01 2.024587730321051812e-02 9.995980411068701166e-01 -1.984592319675614058e-02 4.998505118704296279e+01 -9.996000408940671766e-01 1.984592319675615446e-02 -2.014689993640678134e-02 4.998495075290010448e+01
-2.461557822638749116e-02 2.536699807489033523e-02 9.993750991080621038e-01 5.449962502847862567e+01 2.536699807489034911e-02 9.993719746166211948e-01 -2.474210499419739195e-02 4.997512822544458544e+01 -9.993750991080621038e-01 2.474210499419740583e-02 -2.524360360976629636e-02 4.997487730293190822e+01
-2.945924138950239968e-02 3.051121264590437449e-02 9.991002046840106177e-01 5.499931257803265794e+01 3.051121264590438836e-02 9.990957057261763419e-01 -2.961142857733276706e-02 4.996275717294748375e+01 -9.991002046840106177e-01 2.961142857733278788e-02 -3.036353566332616882e-02 4.996225550112703218e+01
-3.427556665546083181e-02 3.567813456035611591e-02 9.987753782731831897e-01 5.549886268037466408e+01 3.567813456035612979e-02 9.987692551900619886e-01 -3.445352814127899954e-02 4.994795145865881381e+01 -9.987753782731831897e-01 3.445352814127902730e-02 -3.550631146539884320e-02 4.994707373329537603e+01
-3.906419220084517141e-02 4.086737565647412945e-02 9.984006442779613799e-01 5.599825036951125412e+01 4.086737565647415721e-02 9.983926475326709848e-01 -3.926803992634022439e-02 4.993072469458817153e+01 -9.984006442779613799e-01 3.926803992634025214e-02 -4.067154466817440861e-02 4.992932057756268449e+01
-4.382475828316145794e-02 4.607854609577245047e-02 9.979760308500011945e-01 5.649745069165023637e+01 4.607854609577247823e-02 9.979659110464171867e-01 -4.405460224533516017e-02 4.991109067462500093e+01 -9.979760308500011945e-01 4.405460224533520180e-02 -4.585884723674449326e-02 4.990898480522860581e+01
-4.855690726786565659e-02 5.131125439233692742e-02 9.975015698881205539e-01 5.699643870707523519e+01 5.131125439233696905e-02 9.974890777896116001e-01 -4.881285551076867957e-02 4.988906337350233144e+01 -9.975015698881205539e-01 4.881285551076872120e-02 -5.106782947825416752e-02 4.988605538161024100e+01
-5.326028365523044483e-02 5.656510744223539749e-02 9.969772970359017661e-01 5.749518949201929274e+01 5.656510744223543913e-02 9.969621835840540847e-01 -5.354244226184552702e-02 4.986465694574694396e+01 -9.969772970359017661e-01 5.354244226184556865e-02 -5.629810007117636017e-02 4.986052146687111986e+01
-5.793453410705168283e-02 6.183971055304934156e-02 9.964032516790146676e-01 5.799367814053724146e+01 6.183971055304938319e-02 9.963852680123419514e-01 -5.824300719132440712e-02 4.983788572461602229e+01 -9.964032516790146676e-01 5.824300719132444876e-02 -6.154926609470973142e-02 4.983237241683553975e+01
-6.257930747319290221e-02 6.713466747352493658e-02 9.957794769422568804e-01 5.849187976637674780e+01 6.713466747352496433e-02 9.957583744148956750e-01 -6.291419717221018171e-02 4.980876422102036116e+01 -9.957794769422568804e-01 6.291419717221023722e-02 -6.682093305829722718e-02 4.980159778378818913e+01
-6.719425481796481581e-02 7.244958042334109782e-02 9.951060196863148466e-01 5.898976950484787807e+01 7.244958042334115333e-02 9.950815498867041642e-01 -6.755566128428232286e-02 4.977730712243425870e+01 -9.951060196863148466e-01 6.755566128428237838e-02 -7.211270493126076264e-02 4.976818731725904854e+01
-7.255332539340036968e-02 -9.943809991153829131e-01 7.708724649805698270e-02 5.948732251469103716e+01 6.783684492856689729e-02 7.219192344465502620e-02 9.950811467712061820e-01 4.974352929179211458e+01 -9.950548615249799056e-01 7.742580182118824483e-02 6.221790552444811384e-02 4.973213096479342710e+01
-7.793169053898391097e-02 -9.936058979710108430e-01 8.169437634842108276e-02 5.952586613794006354e+01 6.324752358524776685e-02 7.685113038737406699e-02 9.950344991599620048e-01 5.024106986517772100e+01 -9.949504522186367605e-01 8.271168765902586761e-02 5.685397395544283805e-02 4.976323991755565146e+01
-8.332894620840342048e-02 -9.927807744821862679e-01 8.627062386668954419e-02 5.956671332611427516e+01 5.868196116327417666e-02 8.153293209243678286e-02 9.949416105573444247e-01 5.073858711475769923e+01 -9.947927996109688920e-01 8.796996534591172701e-02 5.146426953926480641e-02 4.979166690453337196e+01
-8.874468693620857218e-02 -9.919056906357943681e-01 9.081564526513474789e-02 5.960984863804762313e+01 5.414050064766279258e-02 8.623697684242334627e-02 9.948024879415513499e-01 5.123605792003637305e+01 -9.945819155455297711e-01 9.320023985702929892e-02 4.604919717408156865e-02 4.981739903930300528e+01
-9.417850586827036796e-02 -9.909807121719602652e-01 9.532909910187198355e-02 5.965525646068019228e+01 4.962348321278903240e-02 9.096291124891953128e-02 9.946171417640816692e-01 5.173345916400715083e+01 -9.943178158648522391e-01 9.840211827128292343e-02 4.060916366381173148e-02 4.984042363789004781e+01
-9.962999479234657674e-02 -9.900059085791124147e-01 9.981064630650970937e-02 5.970292101023112963e+01 4.513124819675756738e-02 9.571038027906395018e-02 9.943855859489515447e-01 5.223076773488919144e+01 -9.940005204092600133e-01 1.035752098008163591e-01 3.514457768756368283e-02 4.986072821972195612e+01
-1.050987441687468715e-01 -9.889813530887596738e-01 1.042599502056221761e-01 5.975282633338438387e+01 4.066413307590938109e-02 1.004790272822206065e-01 9.941078378916464731e-01 5.272796052786366516e+01 -9.936300530153753252e-01 1.087191258203693556e-01 2.965584976893553826e-02 4.987830050856573649e+01
-1.105843431611013283e-01 -9.879071226699910335e-01 1.086766765480415287e-01 5.980495630848719202e+01 3.622247343946927156e-02 1.052684940167706584e-01 9.937839184578146634e-01 5.322501444680948879e+01 -9.932064415143284641e-01 1.138334798964740768e-01 2.414339224517331184e-02 4.989312843345020099e+01
-1.160863796672223502e-01 -9.867832980236939111e-01 1.130604935299689418e-01 5.985929464676121370e+01 3.180660296433379663e-02 1.100784206770271390e-01 9.934138519817012902e-01 5.372190640603839284e+01 -9.927297177296686703e-01 1.189178878164849351e-01 1.860761923619386193e-02 4.990520012957279050e+01
-1.216044403500649018e-01 -9.856099635764902223e-01 1.174110718199001258e-01 5.991582489352619945e+01 2.741685339000621280e-02 1.149084459202630304e-01 9.929976662643178464e-01 5.421861333202924271e+01 -9.921999174749707162e-01 1.239719676174425023e-01 1.304894661347671958e-02 4.991450393919088668e+01
-1.271381106687778373e-01 -9.843872074743953426e-01 1.217280845833670355e-01 5.997453042943615031e+01 2.305355449367230136e-02 1.197582068938583821e-01 9.925353925713557013e-01 5.471511216516140053e+01 -9.916170805511475006e-01 1.289953396147688336e-01 7.467791968819137427e-03 4.992102841249762690e+01
-1.326869749098453233e-01 -9.831151215761957385e-01 1.260112075074908411e-01 6.003539447172783383e+01 1.871703406542818415e-02 1.246273392625589505e-01 9.920270656308367574e-01 5.521137986144707810e+01 -9.909812507434576645e-01 1.339876264307897635e-01 1.864574582967293281e-03 4.992476230848203755e+01
-1.382506162183180509e-01 -9.817938014465474872e-01 1.302601188253453834e-01 6.009840007548157814e+01 1.440761788365380047e-02 1.295154772358460826e-01 9.914727236305040936e-01 5.570739339426249614e+01 -9.902924758182172216e-01 1.389484530230862269e-01 -3.760284605883540410e-03 4.992569459577352120e+01
-1.438286166291284363e-01 -9.804233463487966871e-01 1.344744993401297273e-01 6.016353013489425194e+01 1.012562969053976136e-02 1.344222535954169850e-01 9.908724082149524826e-01 5.620312975607775030e+01 -9.895508075192103181e-01 1.438774467126684997e-01 -9.406363033710951616e-03 4.992381445347057678e+01
-1.494205570984911691e-01 -9.790038592375247539e-01 1.386540324491489784e-01 6.023076738456431656e+01 5.871391167765971364e-03 1.393472997227725163e-01 9.902261644825018916e-01 5.669856596018522765e+01 -9.887563015638038966e-01 1.487742372119746359e-01 -1.507323654241105038e-02 4.991911127195372444e+01
-1.550260175353813663e-01 -9.775354467508108325e-01 1.427984041675964266e-01 6.030009440078889327e+01 1.645221912336347625e-03 1.442902456269079259e-01 9.895340409818075278e-01 5.719367904242648137e+01 -9.879090176387592681e-01 1.536384566526857176e-01 -2.076047941166159205e-02 4.991157465368252133e+01
-1.606445768330968527e-01 -9.760182192022234249e-01 1.469073031521437867e-01 6.037149360287268962e+01 -2.552560587432139982e-03 1.492507199721093136e-01 9.887960897082141987e-01 5.768844606291738586e+01 -9.870090193957514746e-01 1.584697396133648017e-01 -2.646766439090580958e-02 4.990119441397668965e+01
-1.662758129008901076e-01 -9.744522905725312434e-01 1.509804207243292673e-01 6.044494725444876337e+01 -6.721640975759224368e-03 1.542283501058495931e-01 9.880123660998483270e-01 5.818284410777149418e+01 -9.860563744465837832e-01 1.632677231469061851e-01 -3.219436273144798966e-02 4.988796058178123616e+01
-1.719193026956798986e-01 -9.728377785011415035e-01 1.550174508937471884e-01 6.052043746481092512e+01 -1.086170605309283443e-02 1.592227620867835702e-01 9.871829290334552809e-01 5.867685029082142023e+01 -9.850511543581113028e-01 1.680320468078029261e-01 -3.794014421866320763e-02 4.987186340041551347e+01
-1.638763350781658468e-01 -9.712432962839082640e-01 -1.727165487870743754e-01 6.059794619025780094e+01 -9.854747320881497297e-01 1.690861325872827226e-01 -1.579342212650336474e-02 5.917044175533814609e+01 4.454322863397748578e-02 1.676196265066981217e-01 -9.848449429187402515e-01 4.985289332830618036e+01
-1.678934146467248034e-01 -9.712674121555757711e-01 -1.686754736257591036e-01 6.051158791586426133e+01 -9.845218818122212223e-01 1.739298152498005567e-01 -2.156579699647916126e-02 5.916254504427489280e+01 5.028384980474367300e-02 1.624439394122830227e-01 -9.854356909494565997e-01 4.936047085684680980e+01
-1.719306187298170752e-01 -9.712511362944230564e-01 -1.646544642272860237e-01 6.042725017905138429e+01 -9.835159995337475758e-01 1.787396063441462069e-01 -2.735748133643153834e-02 5.915176214577665093e+01 5.600125895295399864e-02 1.572367112691307744e-01 -9.859718432211704853e-01 4.886775301137208061e+01
-1.759876440350150728e-01 -9.711944699231638278e-01 -1.606538226674668057e-01 6.034492294693774284e+01 -9.824571608190051375e-01 1.835151445377769808e-01 -3.316804004970331371e-02 5.913808340510843209e+01 6.169502656182841716e-02 1.519983332669930243e-01 -9.864533594557787222e-01 4.837476708976149808e+01
-1.800641857808348012e-01 -9.710974172988238173e-01 -1.566738494919919789e-01 6.026459603560400069e+01 -9.813454452125884853e-01 1.882560710713783447e-01 -3.899703662171179197e-02 5.912149938508357394e+01 6.736472489064283808e-02 1.467291989357349391e-01 -9.868802034796757550e-01 4.788154041003360817e+01
-1.841599377196318221e-01 -9.709599857124205924e-01 -1.527148436938526310e-01 6.018625911085800340e+01 -9.801809362314360952e-01 1.929620297858149758e-01 -4.484403315274176904e-02 5.910200086677271969e+01 7.300992800686270656e-02 1.414297041157718260e-01 -9.872523432264715959e-01 4.738810030829377240e+01
-1.882745921606079065e-01 -9.707821854884156609e-01 -1.487771026908788485e-01 6.010990168901107467e+01 -9.789637213585554720e-01 1.976326671488869702e-01 -5.070859039084230774e-02 5.907957885019634858e+01 7.863021181814097704e-02 1.361002469283315308e-01 -9.875697507394006758e-01 4.689447413668053599e+01
-1.924078399929263217e-01 -9.705640299839398688e-01 -1.448609223033961724e-01 6.003551313766563169e+01 -9.776938920364514063e-01 2.022676322818888206e-01 -5.659026776482538323e-02 5.905422455500092838e+01 8.422515410417777404e-02 1.307412277455459737e-01 -9.878324021734228300e-01 4.640068926131083771e+01
-1.965593707089333675e-01 -9.703055355877884258e-01 -1.409665967320025415e-01 5.996308267651393464e+01 -9.763715436602559139e-01 2.068665769859691084e-01 -6.248862341736352577e-02 5.902592942111851215e+01 8.979433454843940843e-02 1.253530491603735975e-01 -9.880402777970136441e-01 4.590677306022412552e+01
-2.007288724274852443e-01 -9.700067217191913338e-01 -1.370944185354664724e-01 5.989259937814793489e+01 -9.749967755705625239e-01 2.114291557682883849e-01 -6.840321423818401803e-02 5.899468510940982924e+01 9.533733476973443866e-02 1.199361159563545887e-01 -9.881933619936473789e-01 4.541275292132561958e+01
-2.049160319173779499e-01 -9.696676108263529992e-01 -1.332446786087488344e-01 5.982405216888020050e+01 -9.735696910459624709e-01 2.159550258679746593e-01 -7.433359589735727413e-02 5.896048350229073520e+01 1.008537383536443344e-01 1.144908350772018135e-01 -9.882916432629691439e-01 4.491865624032879367e+01
-2.091205346208778459e-01 -9.692882283847666924e-01 -1.294176661611495249e-01 5.975742982957582683e+01 -9.720903972952864569e-01 2.204438472818718575e-01 -8.027932287867693695e-02 5.892331670434205648e+01 1.063431308838061612e-01 1.090176155962295917e-01 -9.883351142216604268e-01 4.442451041869730943e+01
-2.133420646773539764e-01 -9.688686028953007456e-01 -1.256136686945807934e-01 5.969272099649525387e+01 -9.705590054495508712e-01 2.248952827900840556e-01 -8.623994851312886956e-02 5.888317704290271593e+01 1.118050999730455103e-01 1.035168686856220849e-01 -9.883237716039928733e-01 4.393034286158648172e+01
-2.175803049470059480e-01 -9.684087658820573763e-01 -1.218329719819689211e-01 5.962991416214796203e+01 -9.689756305536084691e-01 2.293089979813077994e-01 -9.221502501244698002e-02 5.884005706864615348e+01 1.172392352943568278e-01 9.798900758554442147e-02 -9.882576162620734239e-01 4.343618097578448811e+01
-2.218349370346886229e-01 -9.679087518900035825e-01 -1.180758600457855190e-01 5.956899767615697527e+01 -9.673403915575058409e-01 2.336846612779545918e-01 -9.820410350275296518e-02 5.879394955613992835e+01 1.226451286117288542e-01 9.243444757309815518e-02 -9.881366531657801433e-01 4.294205216765345057e+01
-2.261056413138324839e-01 -9.673685984823771067e-01 -1.143426151367107763e-01 5.950995974613407924e+01 -9.656534113075482262e-01 2.380219439610610221e-01 -1.042067340582777668e-01 5.874484750438855230e+01 1.280223738108133003e-01 8.685360593112398386e-02 -9.879608914023902955e-01 4.244798384107055966e+01
-2.303920969504549277e-01 -9.667883462378651371e-01 -1.106335177124294911e-01 5.945278843856572593e+01 -9.639148165370704513e-01 2.423205201949836241e-01 -1.102224657351619647e-01 5.869274413735941209e+01 1.333705669294338036e-01 8.124690191685356166e-02 -9.877303441758966684e-01 4.195400339536936229e+01
-2.346939819272612915e-01 -9.661680387475531928e-01 -1.069488464165615632e-01 5.939747167970951125e+01 -9.621247378569145470e-01 2.465800670518754345e-01 -1.162508466053324974e-01 5.863763290449183074e+01 1.386893061879332090e-01 7.561475673041295753e-02 -9.874450288060143688e-01 4.146013822328141174e+01
-2.390109730678380284e-01 -9.655077226116530742e-01 -1.032888780577294191e-01 5.934399725650123258e+01 -9.602833097456200395e-01 2.508002645359477256e-01 -1.222914237904536711e-01 5.857950748118916096e+01 1.439781920193572151e-01 6.995759348318046633e-02 -9.871049667268823047e-01 4.096641570887840800e+01
-2.336827195727605722e-01 9.962972254952184858e-02 -9.671950707886101117e-01 5.929235281747236996e+01 -9.608924935066579520e-01 1.283499380683696400e-01 2.453811511106823717e-01 5.851836176929393218e+01 1.485866834397900349e-01 9.867118180008546124e-01 6.574028994317451802e-02 4.047286322551496340e+01
-2.283645919210421649e-01 9.593553937027304856e-02 -9.688374401531307800e-01 5.880875528207806724e+01 -9.614442592118703779e-01 1.343841154048772690e-01 2.399288351894934834e-01 5.864105234484927109e+01 1.532140645804895840e-01 9.862744454828908935e-01 6.154809990683832166e-02 4.050573337048655276e+01
-2.230569896336904168e-01 9.220660604317959530e-02 -9.704347073232461041e-01 5.832433656200149841e+01 -9.619385654102043937e-01 1.403935024861849568e-01 2.344437263741988575e-01 5.876101676244401517e+01 1.578599878123471134e-01 9.857928820303279993e-01 5.738133830982156125e-02 4.053650742043997468e+01
-2.177603114410019414e-01 8.844320270202171708e-02 -9.719867523052601044e-01 5.783911920833987352e+01 -9.623753749672163682e-01 1.463776478608529441e-01 2.289262367301613255e-01 5.887823862563111277e+01 1.625241041132901576e-01 9.852671638203179816e-01 5.324031817747909567e-02 4.056519808959488671e+01
-2.124749552526074003e-01 8.464561207011706001e-02 -9.734934585027665843e-01 5.735312583218724569e+01 -9.627546550678625081e-01 1.523361019737103084e-01 2.233767807553337370e-01 5.899270174399619293e+01 1.672060630945049198e-01 9.846973303471127092e-01 4.912535060135281295e-02 4.059181824868362298e+01
-2.072013181275789706e-01 8.081411943908267670e-02 -9.749547127254065693e-01 5.686637910293585918e+01 -9.630763772189628869e-01 1.582684171996245059e-01 2.177957753491191473e-01 5.910439013437385825e+01 1.719055130267559961e-01 9.840834244190945768e-01 4.503674471580443317e-02 4.061638092398430189e+01
-2.019397962446008443e-01 7.694901264740172664e-02 -9.763704051973716158e-01 5.637890174657315612e+01 -9.633405172513420656e-01 1.641741478771312768e-01 2.121836397810513142e-01 5.921328802204841679e+01 1.766221008668116821e-01 9.834254921555616313e-01 4.097480767478922647e-02 4.063889929634220266e+01
-1.966907848722082575e-01 7.305058205880027300e-02 -9.777404295656519917e-01 5.589071654397447020e+01 -9.635470553216458622e-01 1.700528503419136139e-01 2.065407956592988370e-01 5.931937984193893953e+01 1.813554722839655908e-01 9.827235829832627889e-01 3.693984462878213693e-02 4.065938670017959566e+01
-1.914546783390914109e-01 6.911912054043362064e-02 -9.790646829080255076e-01 5.540184632919164187e+01 -9.636959759138312709e-01 1.759040829601323241e-01 2.008676668989906045e-01 5.942265023976858629e+01 1.861052716866559154e-01 9.819777496326851374e-01 3.293215870185389749e-02 4.067785662249398371e+01
-1.862318700044732211e-01 6.515492344088485988e-02 -9.803430657407896653e-01 5.491231398773762606e+01 -9.637872678403318627e-01 1.817274061616030167e-01 1.951646796903704351e-01 5.952308407321807948e+01 1.908711422491784493e-01 9.811880481340918836e-01 2.895205096889863494e-02 4.069432270184491074e+01
-1.810227522285570156e-01 6.115828856797766999e-02 -9.815754820262345692e-01 5.442214245486723456e+01 -9.638209242428986689e-01 1.875223824728189659e-01 1.894322624667786337e-01 5.962066641306326176e+01 1.956527259384933104e-01 9.803545378133127208e-01 2.499982043301629542e-02 4.070879872732935922e+01
-1.758277163430522760e-01 5.712951616640238317e-02 -9.827618391798594866e-01 5.393135471385411961e+01 -9.637969425931159906e-01 1.932885765498157660e-01 1.836708458724679027e-01 5.971538254429665216e+01 2.004496635411220362e-01 9.794772812872889478e-01 2.107576400304927988e-02 4.072129863754586410e+01
-1.706471526217745449e-01 5.306890889516158172e-02 -9.839020480773266186e-01 5.343997379426419059e+01 -9.637153246925903582e-01 1.990255552108763093e-01 1.778808627302496670e-01 5.980721796723288719e+01 2.052615946901325539e-01 9.785563444593672333e-01 1.718017647127839664e-02 4.073183651954738593e+01
-1.654814502513277663e-01 4.897677180483234194e-02 -9.849960230611569667e-01 5.294802277022552772e+01 -9.635760766728149740e-01 2.047328874690728939e-01 1.720627480089799155e-01 5.989615839859801127e+01 2.100881578922123016e-01 9.775917965143497979e-01 1.331335049127596593e-02 4.074042660778302860e+01
-1.603309973018656187e-01 4.485341231464962108e-02 -9.860436819471647407e-01 5.245552475869494913e+01 -9.633792089947101900e-01 2.104101445646460455e-01 1.662169387908815632e-01 5.998218977260250284e+01 2.149289905548250612e-01 9.765837099132961274e-01 9.475576555921239041e-03 4.074708328302866533e+01
-1.551961806979390013e-01 4.069914018941134248e-02 -9.870449460306331968e-01 5.196250291772136620e+01 -9.631247364478369155e-01 2.160568999972133641e-01 1.603438742387094385e-01 6.006529824199794376e+01 2.197837290134499466e-01 9.755321603880812154e-01 5.667142975576189290e-03 4.075182107130662246e+01
-1.500773861894282302e-01 3.651426751620828748e-02 -9.879997400922252426e-01 5.146898044470604816e+01 -9.628126781492860609e-01 2.216727295578112544e-01 1.544439955627584515e-01 6.014547017911729654e+01 2.246520085589022164e-01 9.744372269357041150e-01 1.888335856427669768e-03 4.075465464279441363e+01
-1.449749983225631089e-01 3.229910868097790599e-02 -9.889079924036349167e-01 5.097498057465993782e+01 -9.624430575422415757e-01 2.272572113607621846e-01 1.485177459877168871e-01 6.022269217689867560e+01 2.295334634647309136e-01 9.732989918123540196e-01 -1.860560921007281543e-03 4.075559881072262414e+01
-1.398894004110353695e-01 2.805398034488626458e-02 -9.897696347329767441e-01 5.048052657845811808e+01 -9.620159023942198573e-01 2.328099258753699441e-01 1.425655707193714261e-01 6.029695104989253451e+01 2.344277270146949976e-01 9.721175405272317604e-01 -5.579265723207660344e-03 4.075466853026212277e+01
-1.350519582534263074e-01 9.905851712221169780e-01 2.240506922025162218e-02 4.998564176109162815e+01 -9.638664277139410430e-01 -1.365821390894114140e-01 2.287068621789188350e-01 6.036823383525221942e+01 2.296137585117256907e-01 9.291815571251971217e-03 9.732374756787313119e-01 4.075187889740051617e+01
-1.301824365181602494e-01 9.913481151086852572e-01 1.677640881274157503e-02 4.999684429570175581e+01 -9.656664283843198193e-01 -1.306102228705438573e-01 2.245647318106262502e-01 6.048258726634168170e+01 2.248129940943512928e-01 1.303396916383914306e-02 9.743147506499989507e-01 4.123849763523988088e+01
-1.252812010250059505e-01 9.920584090770001584e-01 1.116842197194267694e-02 5.000523250010812859e+01 -9.674157691814333493e-01 -1.246502706992327347e-01 2.203838459454408594e-01 6.059486963224699707e+01 2.200257944169906887e-01 1.680544537402497984e-02 9.753492845114271059e-01 4.172565501056487847e+01
-1.203486199762089925e-01 9.927159997666725744e-01 5.581529994352574242e-03 5.001081671109410109e+01 -9.691143186871504778e-01 -1.187027303131503175e-01 2.161645186697937482e-01 6.070506155521971436e+01 2.152525191150202466e-01 2.060596087202223869e-02 9.763409995443079747e-01 4.221332965282059035e+01
-1.153850639288304669e-01 9.933208377766136188e-01 1.615259173060046294e-05 5.001360747609128055e+01 -9.707619492990038346e-01 -1.127680485175423519e-01 2.119070669580028210e-01 6.081314381455461415e+01 2.104935267777562624e-01 2.443523014648545100e-02 9.772898212466709644e-01 4.270150015259274312e+01
-1.103909057669083538e-01 9.938728776687469901e-01 -5.527292140432932266e-03 5.001361555238714374e+01 -9.723585372397761661e-01 -1.068466711516600220e-01 2.076118106484603210e-01 6.091909734803361687e+01 2.057491749215162591e-01 2.829296552595966796e-02 9.781956783388804366e-01 4.319014506321607882e+01
-1.053665206734452076e-01 9.943720779714215752e-01 -1.104838775432585851e-02 5.001085190631692967e+01 -9.739039625667984534e-01 -1.009390430552675744e-01 2.032790724196052723e-01 6.102290325335784615e+01 2.010198199627607485e-01 3.217887720049153466e-02 9.790585027689894249e-01 4.367924290238551777e+01
-1.003122861022230916e-01 9.948184011825272899e-01 -1.654671948109943946e-02 5.000532771243976526e+01 -9.753981091809614812e-01 -9.504560803522454915e-02 1.989091777656823989e-01 6.112454278956764853e+01 1.963058171913178440e-01 3.609267324340126315e-02 9.798782297178533218e-01 4.416877215377001420e+01
-9.522858174944748288e-02 9.952118137723127145e-01 -2.202187426202779907e-02 4.999705435269921594e+01 -9.768408648354369728e-01 -8.916680883214389564e-02 1.945024549722896290e-01 6.122399737845049117e+01 1.916075207436921946e-01 4.003405963321339522e-02 9.806547976039989845e-01 4.465871126862894158e+01
-9.011578952522286690e-02 9.955522861859033013e-01 -2.747344077953843555e-02 4.998604341556820430e+01 -9.782321211441104003e-01 -8.330308708713268784e-02 1.900592350917156836e-01 6.132124860593663840e+01 1.869252835764605436e-01 4.400274027574489766e-02 9.813881480882500341e-01 4.514903866743094341e+01
-8.497429352486113308e-02 9.958397928455227088e-01 -3.290100948811255921e-02 4.997230669517843182e+01 -9.795717735897233602e-01 -7.745488330861277637e-02 1.855798519180701933e-01 6.141627822348249310e+01 1.822594574397565226e-01 4.799841702634911889e-02 9.820782260781115713e-01 4.563973274147507198e+01
-7.980448000002832165e-02 9.960743121524133770e-01 -3.830417264505160679e-02 4.995585619043437475e+01 -9.808597215317254037e-01 -7.162263683922892588e-02 1.810646419622075065e-01 6.150906814944152501e+01 1.776103928508451779e-01 5.202078971231371973e-02 9.827249797319064228e-01 4.613077185451412987e+01
-7.460673732972605832e-02 9.962558264884586734e-01 -4.368252434110875271e-02 4.993670410411184690e+01 -9.820958682138338780e-01 -6.580678582284299472e-02 1.765139444264464119e-01 6.159960047042262943e+01 1.729784390677907568e-01 5.606955615541087817e-02 9.833283604626716912e-01 4.662213434438008619e+01
-6.938145599111578132e-02 9.963843222175081671e-01 -4.903566053098278726e-02 4.991486284194129297e+01 -9.832801207713040004e-01 -6.000776717161848683e-02 1.719281011790880220e-01 6.168785744263585258e+01 1.683639440632190287e-01 6.014441219459841503e-02 9.838883229418081688e-01 4.711379852461142548e+01
-6.412902853018431770e-02 9.964597896864006987e-01 -5.436317906367142683e-02 4.989034501167579805e+01 -9.844123902379044999e-01 -5.422601653319825132e-02 1.673074567287329839e-01 6.177382149322539817e+01 1.637672544981759737e-01 6.424505170886950223e-02 9.844048251024850593e-01 4.760574268608232984e+01
-5.884984953225308457e-02 9.964822232256900225e-01 -5.966467971268300807e-02 4.986316342214396258e+01 -9.854925915526011604e-01 -4.846196825797582930e-02 1.626523581984005151e-01 6.185747522158976608e+01 1.591887156960851146e-01 6.837116664024990575e-02 9.848778281428016701e-01 4.809794509863357348e+01
-5.354431559233713278e-02 9.964516211500707987e-01 -6.493976420610292344e-02 4.983333108228762143e+01 -9.865206435659471529e-01 -4.271605536646710943e-02 1.579631552994510968e-01 6.193880140068897333e+01 1.546286716168052133e-01 7.252244701694068874e-02 9.853072965287010820e-01 4.859038401270497332e+01
-4.821282528534925893e-02 9.963679857585041599e-01 -7.018803625651377776e-02 4.980086120018457052e+01 -9.874964690461787153e-01 -3.698870951677729613e-02 1.532402003053142669e-01 6.201778297833870113e+01 1.500874648307904957e-01 7.669858097660456342e-02 9.856931979966390145e-01 4.908303766096932463e+01
-4.285577913615840062e-02 9.962313233340470697e-01 -7.540910159076610886e-02 4.976576718205631522e+01 -9.884199946850183993e-01 -3.128036097217551381e-02 1.484838480250249282e-01 6.209440307849136076e+01 1.455654364933554878e-01 8.089925478979442808e-02 9.860355035560104398e-01 4.957588425996764414e+01
8.558074883557600931e-02 9.954263673739376372e-01 -4.245329864060609637e-02 4.972806263126093285e+01 -1.438453467325235824e-01 -2.981870281788295829e-02 -9.891508283298653392e-01 6.216864500250387238e+01 -9.858927181251224692e-01 9.075897806269755952e-02 1.406355440451405592e-01 5.006890201174564936e+01
