-3.678629623138363058e-11 5.719922022467699731e-11 1.000000000000000222e+00 5.000000000000542855e+01 3.837733663543252463e-10 1.000000000000000000e+00 -5.719922021055940239e-11 5.000000000000240163e+01 -1.000000000000000222e+00 3.837733663522211056e-10 -3.678629623138363058e-11 5.000000000003309708e+01
2.557057253786410023e-04 -2.126013585005138951e-04 9.999999447076207693e-01 5.049999836922486907e+01 -3.613383957661131887e-05 9.999999767455380884e-01 2.126106049419895262e-04 5.000001743138943766e+01 -9.999999666544633348e-01 -3.618820332764523424e-05 2.556980373288886277e-04 5.000002068748171524e+01
8.918352045435562481e-04 -6.263270289168199837e-04 9.999994061720338667e-01 5.099999360908805812e+01 -1.154684476250423110e-04 9.999997971260674579e-01 6.264302526698014000e-04 5.000015917561232470e+01 -9.999995956484208914e-01 -1.160270516091709762e-04 8.917627026037711069e-04 5.000020210696094836e+01
2.100990013103709586e-03 -1.354665080356825917e-03 9.999968753568607704e-01 5.149998347560874379e+01 -2.648833254835257023e-04 9.999990466011796642e-01 1.355224540635278007e-03 5.000053763609820123e+01 -9.999977578363806741e-01 -2.677298110430477961e-04 2.100629181830848680e-03 5.000075422699382699e+01
4.139312943940431921e-03 -2.782851025085177239e-03 9.999875608368957725e-01 5.199996503079417209e+01 -5.530121400823737304e-04 9.999959685126835751e-01 2.785163541469729519e-03 5.000134905914598704e+01 -9.999912800949442016e-01 -5.645339245723614719e-04 4.137757305951894615e-03 5.000199189375432240e+01
1.772524898864036302e-03 -1.994079025791615535e-03 9.999964408958273987e-01 5.249994721107411522e+01 3.730241029420034576e-03 9.999910676196812620e-01 1.987456342380121508e-03 5.000315260944088180e+01 -9.999914716923067326e-01 3.726704937251347233e-03 1.779947461395425812e-03 5.000431672801678218e+01
1.963512474835726884e-04 -1.907086795529789724e-03 9.999981622313822704e-01 5.299992586372184178e+01 7.823436414553217727e-03 9.999675809453265618e-01 1.905492329933097286e-03 5.000465023542135867e+01 -9.999693771755489013e-01 7.823047891091238631e-03 2.112648542436645904e-04 5.000555772798308851e+01
-8.749865998007866352e-04 -2.134559255343787196e-03 9.999973390240773918e-01 5.349989804013574712e+01 1.178221533338960451e-02 9.999282872151133983e-01 2.144721167739152036e-03 5.000616723154783472e+01 -9.999302044644354792e-01 1.178406058348036717e-02 -8.497740152866306573e-04 5.000608932551008223e+01
-1.671624265613680382e-03 -2.549011198368717618e-03 9.999953540963204546e-01 5.399986420103417117e+01 1.562708934654771786e-02 9.998745743088275351e-01 2.574826071023874827e-03 5.000785613669702911e+01 -9.998764922483525108e-01 1.563132088633587685e-02 -1.631580975242352682e-03 5.000614803018677179e+01
-2.350323987321101260e-03 -3.086784817263278288e-03 9.999924738400016722e-01 5.449982521170059613e+01 1.936595098542591431e-02 9.998075575858418329e-01 3.131730617985091156e-03 5.000981091850594140e+01 -9.998096998527192802e-01 1.937316581577355756e-02 -2.290093161825323964e-03 5.000586174253140825e+01
-3.022470232884932884e-03 -3.711181125017332452e-03 9.999885458385754378e-01 5.499978188346625529e+01 2.299951479117542941e-02 9.997283310723685812e-01 3.779731554903350416e-03 5.001209691078208408e+01 -9.997309072910879335e-01 2.301067547713331329e-02 -2.936293756460539583e-03 5.000528389753971936e+01
-3.777546687132593561e-03 -4.400022368850873417e-03 9.999831848307153548e-01 5.549973506866721351e+01 2.652363508811495310e-02 9.996380637421751203e-01 4.498699757476149613e-03 5.001476415742235559e+01 -9.996410490384733949e-01 2.654018313706615201e-02 -3.659474868329848363e-03 5.000441375702988722e+01
-4.700740336747832870e-03 -5.139106921677249334e-03 9.999757460160394462e-01 5.599968596607395455e+01 2.993071597641333917e-02 9.995380431124236686e-01 5.277557401529424722e-03 5.001785496497613082e+01 -9.995409222645295078e-01 2.995479846426498532e-02 -4.544751647727274246e-03 5.000320513982000392e+01
-5.887906231111295074e-03 -5.918038253237396795e-03 9.999651540846045128e-01 5.649963664899247107e+01 3.321083993172917193e-02 9.994296888218008323e-01 6.110418364364388760e-03 5.002140850728345356e+01 -9.994310244690439715e-01 3.324566023997294062e-02 -5.688005271233420590e-03 5.000156601580841453e+01
-7.461084077269142245e-03 -6.727146960304002804e-03 9.999495375858555857e-01 5.699959099344847857e+01 3.635309349684492930e-02 9.993145324914489702e-01 6.994122146974608017e-03 5.002546373303457727e+01 -9.993111551551907557e-01 3.640344276537071933e-02 -7.211417144140697122e-03 4.999934956489169480e+01
-9.587732361957645999e-03 -7.554350903153542879e-03 9.999255008102291287e-01 5.749955638904725674e+01 3.934786121875298581e-02 9.991941365879627446e-01 7.926110379341159279e-03 5.003006115270071774e+01 -9.991795740534658021e-01 3.942092325996142399e-02 -9.282758408307834053e-03 4.999633532876660524e+01
-1.250627762443518032e-02 -8.377629240534343463e-03 9.998866977554451418e-01 5.799954689620474113e+01 4.219242379635640416e-02 9.990698753330882198e-01 8.898515388339245380e-03 5.003524276357891409e+01 -9.990312269364604036e-01 4.229893060392894699e-02 -1.214117274380016598e-02 4.999219691189851744e+01
-1.654779091695313120e-02 -9.119545566934259689e-03 9.998214863186436485e-01 5.849958763481716062e+01 4.491355947393538273e-02 9.989422673689891674e-01 9.854878948239317871e-03 5.004103963680316980e+01 -9.988538145250036582e-01 4.506861826543821087e-02 -1.612069652633341121e-02 4.998645239309895771e+01
-2.199676808048811605e-02 -9.259490037287855524e-03 9.997151614526323948e-01 5.899969982523106893e+01 4.773010211081193249e-02 9.988071489721667140e-01 1.030128703530436979e-02 5.004734082747035728e+01 -9.986180348594276834e-01 4.794310175970710464e-02 -2.152857280810061003e-02 4.997842501645950364e+01
-2.697363875529990018e-02 -9.996265899637196695e-01 -4.370749341282731404e-03 5.949955740596293197e+01 4.270822603171253729e-02 -5.520752511321780354e-03 9.990723340784355422e-01 5.005249147099015516e+01 -9.987234002673226474e-01 2.676194927905056753e-02 4.284119313537831930e-02 4.996766073008845410e+01
-3.182414579840320279e-02 -9.994907033778281935e-01 -2.357457421979569645e-03 5.949710656752598226e+01 3.935845886763672530e-02 -3.610003282034535133e-03 9.992186345299353123e-01 5.055204205372221793e+01 -9.987182462835886287e-01 3.170649361878685735e-02 3.945329900826172187e-02 4.998924536718480027e+01
-3.654100643827382089e-02 -9.993314327605274938e-01 -1.200976798179209659e-03 5.949556811715219595e+01 3.740921920621820274e-02 -2.568820134210308970e-03 9.992967284453100341e-01 5.105166795760481335e+01 -9.986317164835391003e-01 3.647038058356139034e-02 3.747807590086568719e-02 5.000928568783653105e+01
-4.115535261463909578e-02 -9.991526631053926355e-01 -4.390450620626040745e-04 5.949455138597426895e+01 3.636328220103884901e-02 -1.936938810761401619e-03 9.993367600441860343e-01 5.155133366503662984e+01 -9.984908355406836300e-01 4.111209162089868308e-02 3.641218565017073638e-02 5.002845115848236190e+01
-4.569073050327054908e-02 -9.989556266189167921e-01 1.148585440240434963e-04 5.949387314895871270e+01 3.587702325021396854e-02 -1.526056707904982490e-03 9.993550471947534319e-01 5.205102007529418984e+01 -9.983111721045604403e-01 4.566538292111305131e-02 3.590928088791256467e-02 5.004717082717429832e+01
-5.016154669816186296e-02 -9.987409575217067736e-01 5.648021536381886420e-04 5.949343643230788103e+01 3.573612838509382383e-02 -1.229686735703228173e-03 9.993605040217352631e-01 5.255071637859218470e+01 -9.981015721663265561e-01 5.014965243305941067e-02 3.575281807006436274e-02 5.006571116566656343e+01
-5.457554135389869332e-02 -9.985091667397567594e-01 9.768431838718671933e-04 5.949319297046337596e+01 3.580896651793197272e-02 -9.795378408559707317e-04 9.993581732404736018e-01 5.305041622184899808e+01 -9.978673399820474632e-01 5.457549305590669864e-02 3.580904012757341048e-02 5.008423777558726186e+01
-5.893586282559673539e-02 -9.982607935187735038e-01 1.397210174447938158e-03 5.949312568673995827e+01 3.601408260205168910e-02 -7.274828651315234929e-04 9.993510177225086721e-01 5.355011575822149439e+01 -9.976119235090042947e-01 5.894793373774920298e-02 3.599432150652218110e-02 5.010285443813576478e+01
-6.324247743235217323e-02 -9.979964523501793083e-01 1.862832433424499445e-03 5.949323972262570237e+01 3.629960935462117622e-02 -4.349440955010719367e-04 9.993408573576565423e-01 5.404981258719809745e+01 -9.973378201035598689e-01 6.326841170829555772e-02 3.625438829975335953e-02 5.012162668262749321e+01
-6.749310585662060546e-02 -9.977168331406025548e-01 2.408636484440507264e-03 5.949355860123542783e+01 3.663018064523565487e-02 -6.541399227255606519e-05 9.993288875975250285e-01 5.454950513498792475e+01 -9.970470954411954079e-01 6.753603918573242160e-02 3.655096282423764276e-02 5.014059551954201055e+01
-7.168389458944721127e-02 -9.974226647253662259e-01 3.073621420848049457e-03 5.949412416501292000e+01 3.697822153709118265e-02 4.218633589896381153e-04 9.993159826417568059e-01 5.504919224106401998e+01 -9.967417069574457944e-01 7.174851861506276185e-02 3.685267545377343690e-02 5.015978480528066541e+01
-7.581001853606220142e-02 -9.971146247890919634e-01 3.907188409866535483e-03 5.949499999429357899e+01 3.731759601204964749e-02 1.078528922105775889e-03 9.993028739092295609e-01 5.554887278983378707e+01 -9.964237241843669768e-01 7.590297627282122095e-02 3.712815744800931905e-02 5.017920416534777672e+01
-7.986643447849037236e-02 -9.967931478581422144e-01 4.977250922862053173e-03 5.949627896528487270e+01 3.761832311217799818e-02 1.975612365611195687e-03 9.992902274724840828e-01 5.604854520707041843e+01 -9.960954845846461403e-01 7.999698331085347558e-02 3.733990159657965546e-02 5.019884834875379198e+01
-8.384908993039849601e-02 -9.964580259331261569e-01 6.382215234670640669e-03 5.949809686087656502e+01 3.784160880678516525e-02 3.216017533945986218e-03 9.992785747098433813e-01 5.654820650176161223e+01 -9.957596812287383692e-01 8.403011236859714295e-02 3.743791466632109821e-02 5.021869310750778226e+01
-8.775707255721706956e-02 -9.961075742690834733e-01 8.270229739843981687e-03 5.950065609073489981e+01 3.793502038782520236e-02 4.954393593305767007e-03 9.992679261400808644e-01 5.704785014110150598e+01 -9.954193239255317849e-01 8.800655923216782472e-02 3.735257806032002414e-02 5.023868705097522280e+01
-9.159654164779101881e-02 -9.957368554567659347e-01 1.087144163560122001e-02 5.950426772534248698e+01 3.782848488105206020e-02 7.430077163819992503e-03 9.992566235381900031e-01 5.754746101878462383e+01 -9.950774237664969935e-01 9.193970110029436871e-02 3.698664720977046239e-02 5.025873833199005958e+01
-9.538819732309694599e-02 -9.953338058253694554e-01 1.455014751250338634e-02 5.950942773199162872e+01 3.743214564882701989e-02 1.101990234678820735e-02 9.992384081010858843e-01 5.804700323253668870e+01 -9.947361088668567053e-01 9.586019368566356391e-02 3.620631136931984351e-02 5.027869413122645881e+01
-9.918489033945240840e-02 -9.948709505187827151e-01 1.985319476066121913e-02 5.951694667869101352e+01 3.662474837535895089e-02 1.628816065051755246e-02 9.991963388789337763e-01 5.854639269605820573e+01 -9.943947834410600262e-01 9.983229756184558434e-02 3.482135880075168388e-02 5.029830517153593661e+01
-1.031513061036417322e-01 -9.942947830781518892e-01 2.716049323344305044e-02 5.952799962216690943e+01 3.507388807402112008e-02 2.365320775233351047e-02 9.991047733538240827e-01 5.904548560856731854e+01 -9.940470966832930522e-01 1.040115864055348727e-01 3.243392466107222760e-02 5.031710283162349384e+01
-3.658576779925051120e-02 -9.939760490795180869e-01 -1.033106744282070166e-01 5.954157986878913533e+01 -9.989811699176655013e-01 3.364372074360997417e-02 3.007860044048679682e-02 5.954503799524599117e+01 -2.642165294737990749e-02 1.043058670967153823e-01 -9.941942377346243420e-01 5.033331979398649736e+01
-4.119076302549658231e-02 -9.940046279200173140e-01 -1.012823810687989434e-01 5.948965711739305107e+01 -9.988977988743558134e-01 3.868488139891106126e-02 2.658321566551878623e-02 5.956023855342833428e+01 -2.250574249707577162e-02 1.022657304513110293e-01 -9.945024946826003243e-01 4.983623956937397992e+01
-4.587649578431686470e-02 -9.939226864900608804e-01 -1.000651808319545644e-01 5.943865479163787313e+01 -9.987483403306923746e-01 4.363842563962470888e-02 2.444259590105960639e-02 5.957383956246410150e+01 -1.992736362992126448e-02 1.010612739286179673e-01 -9.946806115988618968e-01 4.933901138878290737e+01
-5.060350548661694120e-02 -9.937786962220150899e-01 -9.921284275605563030e-02 5.938820528552201239e+01 -9.985528172039183081e-01 4.853365347236995170e-02 2.316798944108566100e-02 5.958648188404328749e+01 -1.820869261051637905e-02 1.002416451176645629e-01 -9.947964897895047454e-01 4.884169767232751980e+01
-5.534849572147341329e-02 -9.935920253432217741e-01 -9.854659403411505925e-02 5.933814018135722534e+01 -9.983220946817159547e-01 5.338824761140666814e-02 2.242075572531176259e-02 5.959857282429048553e+01 -1.701585412728404134e-02 9.962219728222104775e-02 -9.948798311941907668e-01 4.834432846476555312e+01
-6.009724324676426338e-02 -9.933735462249874137e-01 -9.796590740932438479e-02 5.928837354237062129e+01 -9.980620607681777168e-01 5.821256202018196962e-02 2.198682510561621173e-02 5.961036068581574199e+01 -1.613828396446585767e-02 9.909740301057105849e-02 -9.949468631576477984e-01 4.784691946591115652e+01
-6.484057393951724035e-02 -9.931303302298489788e-01 -9.740558068583957119e-02 5.923886652812056042e+01 -9.977761170477609243e-01 6.301251535916964353e-02 2.173115637061123762e-02 5.962199386811373358e+01 -1.544409985358631554e-02 9.859802272693918290e-02 -9.950074922803602284e-01 4.734947848607903609e+01
-6.957204534307416532e-02 -9.928675385283491917e-01 -9.681829085166923643e-02 5.918961125723682670e+01 -9.974664155355459361e-01 6.779132995389101912e-02 2.156584015874231375e-02 5.963355797801757774e+01 -1.484858193400900861e-02 9.807337314347795709e-02 -9.950684062388923667e-01 4.685200848426282505e+01
-7.428657949417437345e-02 -9.925895023681798879e-01 -9.616435875907972108e-02 5.914062288966596981e+01 -9.971344875717194078e-01 7.255058622222267106e-02 2.142956214897083489e-02 5.964509777579208816e+01 -1.429397782775957554e-02 9.748072746600280891e-02 -9.951347597037089043e-01 4.635450910641045397e+01
-7.897962921928175506e-02 -9.923004637634483815e-01 -9.540444320486562990e-02 5.909193676333484291e+01 -9.967815847193316481e-01 7.729089432166941220e-02 2.127416318858759564e-02 5.965662933392815148e+01 -1.373646726064976786e-02 9.677761760759656662e-02 -9.952112349634097965e-01 4.585697740377651854e+01
-8.364665364639155276e-02 -9.920051770140604352e-01 -9.449320669267094464e-02 5.904360942357532593e+01 -9.964088753710437230e-01 8.201235848719769239e-02 2.105531137693326255e-02 5.966814569310179195e+01 -1.313736714767663877e-02 9.591507614901109702e-02 -9.953028221359350169e-01 4.535940803567621771e+01
-8.828278778956884232e-02 -9.917094995267450308e-01 -9.337246879308089276e-02 5.899572346968945169e+01 -9.960175585005190957e-01 8.671493157400782248e-02 2.072543849428511165e-02 5.967961784805647341e+01 -1.245682699435163993e-02 9.483031788688706110e-02 -9.954155103627354562e-01 4.486179310128914466e+01
-9.288265339974095813e-02 -9.914210810694009668e-01 -9.196223523057731053e-02 5.894839720326386612e+01 -9.956089134628588466e-01 9.139868991927728448e-02 2.022797356004280012e-02 5.969099199392506705e+01 -1.164921159261772532e-02 9.343724895468748237e-02 -9.955570181446417033e-01 4.436412167066501411e+01
-9.744027615266731557e-02 -9.911502707188903916e-01 -9.014728746425229589e-02 5.890180160646774965e+01 -9.951842785756481735e-01 9.606394631538645035e-02 1.949281647637744058e-02 5.970218352916079141e+01 -1.066040614419150323e-02 9.161254866111495643e-02 -9.957376645827235029e-01 4.386637907189104624e+01
-1.019489866000857919e-01 -9.909113942311970069e-01 -8.775541529729352641e-02 5.885619005705454043e+01 -9.947449419556341210e-01 1.007108425735855212e-01 1.843438748101663277e-02 5.971306851135231852e+01 -9.428922785626972503e-03 8.917362261848177374e-02 -9.959714656777065578e-01 4.336854607822279206e+01
-1.064007584426896053e-01 -9.907245560254732686e-01 -8.452060512649751944e-02 5.881195221633090853e+01 -9.942919777434230388e-01 1.053373295258745873e-01 1.695611994029247449e-02 5.972347477904293811e+01 -7.895669565824742220e-03 8.584230365318845646e-02 -9.962774499634232672e-01 4.287059849583509674e+01
-1.107830851722458182e-01 -9.906175716993030900e-01 -8.002458797329350948e-02 5.876971548154696023e+01 -9.938263100330877453e-01 1.099327076260579600e-01 1.496881024066161470e-02 5.973317930079985416e+01 -6.031046819268040537e-03 8.118883195723489155e-02 -9.966804904480091043e-01 4.237250884486484637e+01
-1.150697380646623080e-01 -9.906226224044341055e-01 -7.365986262743329238e-02 5.873052256010451089e+01 -9.933498569204217699e-01 1.144627918994085003e-01 1.242300393507404788e-02 5.974192397371586338e+01 -3.875195209040747935e-03 7.459952581052399501e-02 -9.972060437095923158e-01 4.187425509804938883e+01
-1.192325279149626938e-01 -9.907253442466067428e-01 -6.516821736437380941e-02 5.869585435680823338e+01 -9.928653858508896812e-01 1.188834618246063513e-01 9.222151796705629900e-03 5.974939964250573610e+01 -1.389196232270469011e-03 6.580284775023037547e-02 -9.978316768682925497e-01 4.137583632453582538e+01
-1.139733680086342238e-01 6.078442132038158752e-02 -9.916225721056953768e-01 5.866327024813377022e+01 -9.934783328701091154e-01 -3.660296519017919303e-03 1.139622935317717856e-01 5.975401071841240253e+01 3.297499415814142409e-03 9.981442061917403796e-01 6.080518188002981272e-02 4.087692048614116658e+01
-1.100259367478694239e-01 5.885563501329826863e-02 -9.921846136026982732e-01 5.816748034736563255e+01 -9.938918965052554455e-01 2.077385268275028229e-03 1.103384907076138677e-01 5.981110858276196041e+01 8.555191636712922154e-03 9.982643430963709097e-01 5.826757244325997398e-02 4.090753813392661442e+01
-1.071887869544962402e-01 5.765080660800137036e-02 -9.925658408633004637e-01 5.767141363086046368e+01 -9.941387433052769618e-01 7.940042561164817325e-03 1.078198255588083687e-01 5.986650382733291309e+01 1.409691493301229448e-02 9.983052339948810250e-01 5.646181690131563125e-02 4.093696315548709208e+01
-1.050386284262592729e-01 5.677128253616120501e-02 -9.928463667746032506e-01 5.717515751977678917e+01 -9.942706958885485502e-01 1.389847352899159505e-02 1.059840352641182037e-01 5.992071881035545289e+01 1.981589855727400318e-02 9.982904657026250295e-01 5.498614599701040495e-02 4.096552951895385775e+01
-1.032794507746126189e-01 5.605322304392940103e-02 -9.930716949113405079e-01 5.667876163560040226e+01 -9.943214384829508479e-01 1.993464371211553510e-02 1.045346208357156303e-01 5.997407299569020722e+01 2.565603283616130215e-02 9.982287544277910207e-01 5.367608231467072000e-02 4.099338960650245411e+01
-1.017231393594534294e-01 5.540481962136700744e-02 -9.932686992358017442e-01 5.618225334445186547e+01 -9.943112293083853359e-01 2.603745413744060211e-02 1.032822843148273884e-01 6.002674552287378873e+01 3.158452453505322666e-02 9.981244195714105150e-01 5.244102273154244154e-02 4.102061957872724207e+01
-1.002494151013224866e-01 5.476891413868928415e-02 -9.934537839355749300e-01 5.568564674472781206e+01 -9.942523159507539177e-01 3.220033736544322678e-02 1.021051933062860351e-01 6.007882610049002636e+01 3.758173756500793328e-02 9.979797113757478133e-01 5.122605473754890393e-02 4.104725330393761595e+01
-9.877783511859633547e-02 5.410780163246159402e-02 -9.936374012142386025e-01 5.518894782269759247e+01 -9.941523301502148691e-01 3.841963590270497386e-02 1.009211376967280582e-01 6.013034666297731690e+01 4.363580807297789965e-02 9.977957092409277529e-01 4.999638861170335735e-02 4.107329901170730579e+01
-9.724997385901262836e-02 5.339490865577817269e-02 -9.938266580818115870e-01 5.469215742126401381e+01 -9.940163158104784458e-01 4.469343590063817873e-02 9.966975815140016737e-02 6.018129973279115319e+01 4.973938567156238610e-02 9.975727945954804277e-01 4.872897491204714049e-02 4.109874871263118479e+01
-9.561796821156987036e-02 5.260985098582865449e-02 -9.940268646944812048e-01 5.419527295145443446e+01 -9.938479707884460002e-01 5.102067023447331984e-02 9.830107918285319046e-02 6.023164826676809724e+01 5.588752199534058329e-02 9.973109318502801912e-01 4.740770082113543449e-02 4.112358370272047381e+01
-9.383674745791098504e-02 5.173549212596317837e-02 -9.942424773067206623e-01 5.369828938376670635e+01 -9.936504473897320722e-01 5.740034794154896813e-02 9.676770359151276590e-02 6.028132991958403863e+01 6.207618890287958102e-02 9.970098489536970421e-01 4.602073294310388141e-02 4.114777784519041859e+01
-9.185822686748412735e-02 5.075632051746881146e-02 -9.944776830498964770e-01 5.320119985217068148e+01 -9.934269094050491855e-01 6.383079175051367682e-02 9.501897544404153129e-02 6.033025736902936842e+01 6.830111146017059376e-02 9.966691657476069999e-01 4.455931127469126007e-02 4.117129966853909195e+01
-8.962634328773588788e-02 4.965786643125663646e-02 -9.947367565795306454e-01 5.270399611204387469e+01 -9.931809575144829871e-01 7.030878633248713316e-02 9.299602246906779612e-02 6.037831550156012383e+01 7.455671813782865920e-02 9.962884978087160892e-01 4.301772791034225163e-02 4.119411402120131527e+01
-8.707216426616176674e-02 4.842721756881651629e-02 -9.950242423220398980e-01 5.220666908625738500e+01 -9.929169774569361895e-01 7.682857306015106191e-02 9.062696198882291831e-02 6.042535567691916754e+01 8.083510430369389432e-02 9.958675489040116346e-01 4.139457636125049023e-02 4.121618395560864201e+01
-8.410851225064852610e-02 4.705507333656566704e-02 -9.953449543953458711e-01 5.170920981822497708e+01 -9.926404117572326102e-01 8.338071088269016773e-02 8.782180822056190328e-02 6.047118686099236129e+01 8.712503149735112418e-02 9.954061870040731286e-01 3.969573982933072287e-02 4.123747367249546869e+01
-8.062374017169532392e-02 4.554022790826450784e-02 -9.957037210750949718e-01 5.121161137011097253e+01 -9.923578769399336030e-01 8.995103650158248199e-02 8.446688763982634907e-02 6.051556308729725941e+01 9.341122307300681049e-02 9.949044671094581238e-01 3.794001488732784422e-02 4.125795379886783110e+01
-7.647514073680306002e-02 4.389705858502518376e-02 -9.961047139216185897e-01 5.071387258525069797e+01 -9.920768857323052359e-01 9.652029606153220143e-02 8.041943324772549140e-02 6.055816662042047227e+01 9.967449846865239493e-02 9.943625499262216394e-01 3.616785394857680025e-02 4.127761090025204993e+01
-7.149073794268323567e-02 4.215522454312736755e-02 -9.965500546546215421e-01 5.021600412548819747e+01 -9.918045553849021978e-01 1.030629225466028476e-01 7.550998552449428303e-02 6.059858800981605498e+01 1.058905014917153609e-01 9.937811484627143699e-01 3.444169934776097897e-02 4.129646063987145510e+01
-6.558528528567580951e-02 4.019971468000610448e-02 -9.970368866263892293e-01 4.971801683149706008e+01 -9.915446276455091024e-01 1.094974064366502353e-01 6.963884958108051970e-02 6.063632709724126357e+01 1.119724150910654803e-01 9.931738523155420051e-01 3.267839248465304047e-02 4.131451183517406633e+01
-6.077360664411801672e-02 9.975417574378834251e-01 3.488568335585279234e-02 4.921949838820133749e+01 -9.924145022686784445e-01 -6.412924413135279167e-02 1.048851549741545985e-01 6.067114652204672609e+01 1.068645143266795106e-01 -2.824680893269473220e-02 9.938722721571633389e-01 4.133085103143876893e+01
-5.549058884586288709e-02 9.979342720830117752e-01 3.237256788839915772e-02 4.923718117083840440e+01 -9.931497780130773556e-01 -5.850569283485607119e-02 1.011464400682930420e-01 6.072366899375862204e+01 1.028314785564942158e-01 -2.653813309302451712e-02 9.943447161371262721e-01 4.182774052133925835e+01
-4.990408717256028526e-02 9.982833839699934986e-01 3.065725644757592849e-02 4.925368905420977228e+01 -9.937531073973758788e-01 -5.269870762672695941e-02 9.837483292251485156e-02 6.077441846904596900e+01 9.982155890153922295e-02 -2.555643762130556385e-02 9.946770957826340798e-01 4.232484957669802839e+01
-4.411422916610724387e-02 9.985969778277125064e-01 2.929181896774815663e-02 4.926938588368364691e+01 -9.942622132743917929e-01 -4.674504223053116414e-02 9.621617473987323366e-02 6.082385353778618509e+01 9.745042862803696138e-02 -2.487924637574510239e-02 9.949293628494371156e-01 4.282211521406274102e+01
-3.818200223828821516e-02 9.988757792329208129e-01 2.809470353822808575e-02 4.928443278634196645e+01 -9.947025355659775414e-01 -4.067772843162070773e-02 9.440438627658619131e-02 6.087226084809456239e+01 9.544108362592559902e-02 -2.434132435733307731e-02 9.951374274364523931e-01 4.331950019132973040e+01
-3.214463075720486174e-02 9.991194640308523889e-01 2.696329557352619005e-02 4.929890632744988466e+01 -9.950891364213637624e-01 -3.451852485410755733e-02 9.276897120309682276e-02 6.091980108676877137e+01 9.361801797553509497e-02 -2.384885818228484056e-02 9.953225098799552972e-01 4.381698392418547172e+01
-2.602485281022931529e-02 9.993274928837814208e-01 2.583155053073457608e-02 4.931283463894826724e+01 -9.954307694445889698e-01 -2.828084347916320906e-02 9.120184830945429755e-02 6.096655461223671324e+01 9.187105245483769000e-02 -2.334000554248149423e-02 9.954973399573288084e-01 4.431455584142366888e+01
-1.983665521214189598e-02 9.994992521921445272e-01 2.465262617529175027e-02 4.932621431193864936e+01 -9.957324854336037090e-01 -2.197268588993656069e-02 8.963268671082420813e-02 6.101255087590958937e+01 9.012948775075327323e-02 -2.276940803196821073e-02 9.956697391683955178e-01 4.481221144313381188e+01
-1.358892458503896394e-02 9.996340817080041630e-01 2.338896783566125209e-02 4.933901911617312663e+01 -9.959971554753738188e-01 -1.559877880677867923e-02 8.801331935963802033e-02 6.105778610109087623e+01 8.834595301193237660e-02 -2.209933907456654995e-02 9.958446725262335431e-01 4.530995005020555055e+01
-7.287900271382319328e-03 9.997312799280816398e-01 2.200578203550369871e-02 4.935120393640438863e+01 -9.962263606603077859e-01 -9.162138342265035984e-03 8.630813140438040043e-02 6.110223357439485881e+01 8.648655869644129857e-02 -2.129373509642935175e-02 9.960254273915352119e-01 4.580777356157388880e+01
-9.389958350708438317e-04 9.997901056373008633e-01 2.046614171202065791e-02 4.936270544651524261e+01 -9.964209191999455761e-01 -2.665341014034094957e-03 8.448815146524704667e-02 6.114584937923356023e+01 8.452496712544370350e-02 -2.031355771482926120e-02 9.962142788102412716e-01 4.630568583705609598e+01
5.451608971232813072e-03 9.998097787910258383e-01 1.872661724564687880e-02 4.937344017858437439e+01 -9.965812061991825566e-01 3.888250595315334568e-03 8.252745578224664202e-02 6.118857531460184163e+01 8.243894352918054724e-02 -1.911250222101268381e-02 9.964128325391261587e-01 4.680369251569344868e+01
1.187526324457144344e-02 9.997894776081889257e-01 1.673256067722512369e-02 4.938330005198523054e+01 -9.967073587597722328e-01 1.049305501126995832e-02 8.040109943681927884e-02 6.123034008041100407e+01 8.020859752539605259e-02 -1.763225057884987290e-02 9.966221373331689559e-01 4.730180121551833139e+01
1.831864869145133357e-02 9.997283211284905269e-01 1.441218386396612289e-02 4.939214489751908843e+01 -9.967994291054690370e-01 1.713931111197514179e-02 7.808419910338901260e-02 6.127105943264361798e+01 7.781597037324639032e-02 -1.579645365949281302e-02 9.968425887805223429e-01 4.780002219215619874e+01
2.476055074471844586e-02 9.996253114624047420e-01 1.166841079618604476e-02 4.939979090999517553e+01 -9.968575433376127837e-01 2.381009036447018223e-02 7.555208724936154918e-02 6.131063581263018136e+01 7.524595283281085289e-02 -1.350245461114731385e-02 9.970735831932144855e-01 4.829836971704866500e+01
3.116665318564276754e-02 9.994791791550481364e-01 8.367207703696331877e-03 4.940599317243307809e+01 -9.968821504642979558e-01 3.047637379006212788e-02 7.278165102747342907e-02 6.134895783598339136e+01 7.248874267693139473e-02 -1.060948048489398707e-02 9.973128000326467735e-01 4.879686475397834045e+01
3.748045167474556294e-02 9.992880178673938518e-01 4.321236965556828069e-03 4.941041942323891334e+01 -9.968745487376026171e-01 3.708829184957729286e-02 6.975380051926935443e-02 6.138589975769325946e+01 6.954386976188850489e-02 -6.922135099520027035e-03 9.975548778008185291e-01 4.929554005675873896e+01
4.360589412885335081e-02 9.990485474785548714e-01 -7.251056562344246337e-04 4.941261279323873623e+01 -9.968383256575539253e-01 4.355765542653594613e-02 6.645361656063233924e-02 6.142131931916940601e+01 6.642197300191868270e-02 -2.174956259936813852e-03 9.977892518301645364e-01 4.979444885561142087e+01
4.936985136110794148e-02 9.987561589370428372e-01 -6.982317803333030343e-03 4.941197283330425449e+01 -9.967863147854367778e-01 4.971162390223904382e-02 6.281558011728263780e-02 6.145503460512261285e+01 6.308454987594448726e-02 3.858682978293066779e-03 9.980007265190857790e-01 5.029365861976327068e+01
1.672236898071205458e-02 9.986376345154199807e-01 4.942911394228799438e-02 4.940848167440352512e+01 -5.733070083525887428e-02 5.031236031311692170e-02 -9.970866848682021777e-01 6.148644239518120003e+01 -9.982151837742256895e-01 1.383984570614382736e-02 5.809393732068066085e-02 5.079265898302391946e+01
