-3.087560653930032650e-02 2.042042553356211987e-01 9.784412700942528573e-01 4.999383254347172567e+01 -2.670652822745110677e-02 9.783899428699320833e-01 -2.050362920095057662e-01 4.998566186930566602e+01 -9.991663816756779504e-01 -3.246138927703787203e-02 -2.475479620877418796e-02 4.999894783767675221e+01
-3.233666187399331093e-02 2.111399311213824070e-01 9.769208103960654865e-01 5.049282831183569442e+01 -2.884955833401364744e-02 9.768275289014936025e-01 -2.120747079784257028e-01 4.998214936019837040e+01 -9.990605803867850243e-01 -3.504152203115740161e-02 -2.549604775177005678e-02 4.999864261428471224e+01
-3.396788611385731516e-02 2.186539497540087307e-01 9.752110709840856595e-01 5.099191884861458135e+01 -3.129972397982913601e-02 9.750627885865894573e-01 -2.197109136855300293e-01 4.998072438763036018e+01 -9.989326854156602709e-01 -3.798695263791705690e-02 -2.627701348216954225e-02 4.999862739724359528e+01
-3.574978607172030198e-02 2.265928942440340044e-01 9.733332487251930010e-01 5.149086662543226822e+01 -3.406322338553700868e-02 9.731136116779035561e-01 -2.277928786853827270e-01 4.997920682968415207e+01 -9.987800807026606664e-01 -4.129841456156047030e-02 -2.707011906675427237e-02 4.999863932093520447e+01
-3.769841790561473394e-02 2.349618851784076590e-01 9.712732580488474543e-01 5.198963850835258427e+01 -3.719188293253027078e-02 9.709608460613041725e-01 -2.363298526632850449e-01 4.997753041098386007e+01 -9.985968120975288187e-01 -4.503274285812286504e-02 -2.786501281764625082e-02 4.999868039252913121e+01
-3.952534032602550429e-02 2.461118859635540446e-01 9.684351744229319214e-01 5.248846631639922578e+01 -3.586811123317641681e-02 9.682184532398815380e-01 -2.475207171174484966e-01 4.997588367922507047e+01 -9.985745971476925886e-01 -4.451928114013137261e-02 -2.944159537269686044e-02 4.999911224428822720e+01
-4.136214581754688036e-02 2.578198363050230313e-01 9.653072593226568188e-01 5.298706369619212353e+01 -3.510754839737015298e-02 9.651624254167211481e-01 -2.592854654801123315e-01 4.997157004999991869e+01 -9.985272319465774427e-01 -4.461417455656183084e-02 -3.086976659682300062e-02 4.999719601291871385e+01
-4.322461994376020078e-02 2.701028955458144587e-01 9.618607269498452572e-01 5.348537246220109864e+01 -3.502088801719399624e-02 9.617592234265420759e-01 -2.716481797407490628e-01 4.996454257030408996e+01 -9.984513857134983406e-01 -4.542710613435546607e-02 -3.211243365198840349e-02 4.999290293221250181e+01
-4.513962292962547806e-02 2.829666471846195019e-01 9.580669553965770469e-01 5.398331327812331182e+01 -3.574356317752909462e-02 9.579729500749676330e-01 -2.846229516677072358e-01 4.995478412841870863e+01 -9.983410299758022077e-01 -4.709249946391780295e-02 -3.312830151238799203e-02 4.998625938995477469e+01
-4.714330894093621271e-02 2.963934254121624590e-01 9.539016960853693439e-01 5.448079461574927507e+01 -3.744310484285973128e-02 9.537679791706303867e-01 -2.982023739149286534e-01 4.994227754656327534e+01 -9.981861160734636362e-01 -4.977528785669824152e-02 -3.386588839757143088e-02 4.997730707471040290e+01
-4.928358037994223784e-02 3.103274400182767234e-01 9.493513620765691163e-01 5.497771175861389992e+01 -4.032733245341227346e-02 9.491130236965061862e-01 -3.123430397925771596e-01 4.992700722319372630e+01 -9.979703577572461848e-01 -5.367819130129453109e-02 -3.426101014996335570e-02 4.996610761659380273e+01
-5.162280254917628319e-02 3.246518920991322554e-01 9.444237582851365831e-01 5.547394713411804901e+01 -4.465427367205165865e-02 9.439884607001143291e-01 -3.269430866494204002e-01 4.990896337305117925e+01 -9.976678215216677748e-01 -5.905027537177334751e-02 -3.423423547747889151e-02 4.995275051726989801e+01
-5.424000005297230365e-02 3.391538676355857485e-01 9.391659472436577616e-01 5.596937445237873732e+01 -5.074370209705181267e-02 9.383990041805359006e-01 -3.418075271998325393e-01 4.988814917692497630e+01 -9.972377344904970187e-01 -6.619639734005292042e-02 -3.368883921209830934e-02 4.993736418300448321e+01
-5.723089477814247150e-02 3.534710066928963279e-01 9.336931359447833145e-01 5.646387104345517827e+01 -5.898952709630159164e-02 9.323947948558878318e-01 -3.565952638757302617e-01 4.986459196774072922e+01 -9.966167068516602612e-01 -7.548638256770148769e-02 -3.251070086901741707e-02 4.992013069881564746e+01
-6.070234603861202061e-02 3.670119213563209359e-01 9.282335238331733684e-01 5.695734655828130144e+01 -6.987100421224096136e-02 9.261048757989280844e-01 -3.707395336241136596e-01 4.983835907620888150e+01 -9.957074208600544818e-01 -8.736136791393545042e-02 -3.057324713576214936e-02 4.990130420097837316e+01
-6.475480350518353356e-02 3.788413849943000900e-01 9.231933819295965460e-01 5.744980209268361193e+01 -8.395862264974926492e-02 9.197865144195158660e-01 -3.833323852412618971e-01 4.980957632324194861e+01 -9.943629946381564721e-01 -1.023326580696440613e-01 -2.775359412110850466e-02 4.988123013487107471e+01
-6.944415975274698116e-02 3.875248054280118759e-01 9.192399218126986460e-01 5.794144010226023056e+01 -1.019091849960201968e-01 9.138879587715751374e-01 -3.929673228472955193e-01 4.977843857097310831e+01 -9.923668810927145367e-01 -1.209682767931543335e-01 -2.397184431813514927e-02 4.986035613682876999e+01
-7.476720488005633714e-02 3.909087508451559723e-01 9.173877117048734320e-01 5.843282036503659072e+01 -1.244910856222489481e-01 9.091066671331146098e-01 -3.975261467812081784e-01 4.974516573341582415e+01 -9.893997345234220031e-01 -1.439285110282202962e-01 -1.930670966741604433e-02 4.983920374252374330e+01
-8.284615202834449965e-02 3.840970562117979603e-01 9.195683587985873375e-01 5.892391859839593593e+01 -1.543567926919013344e-01 9.066589129340681952e-01 -3.926112532099446106e-01 4.970917484216497684e+01 -9.845356751504569237e-01 -1.744679540965754505e-01 -1.582521245953527611e-02 4.981777812526034666e+01
-2.940117596290370283e-02 -9.817841918783480892e-01 -1.877108719008518389e-01 5.947360340130240530e+01 -7.959785490062359914e-02 -1.848960575915484794e-01 9.795292897010904332e-01 4.973071666038742933e+01 -9.963933722918967284e-01 4.374069575215344674e-02 -7.271175412476249544e-02 4.972627472680912319e+01
-3.045713406341374330e-02 -9.805696959312167893e-01 -1.937922454743848388e-01 5.950948331708115546e+01 -8.466360236905312586e-02 -1.906545735338060488e-01 9.779994417301767218e-01 5.023269857218610923e+01 -9.959439931133367008e-01 4.619420972376908630e-02 -7.721177092554176724e-02 4.975409449735369094e+01
-3.266803307808202606e-02 -9.792339518487749306e-01 -2.000841502004608863e-01 5.954923155088075504e+01 -9.074557036202751670e-02 -1.964581301496182708e-01 9.763039713930217189e-01 5.072942821236824784e+01 -9.953381541337997795e-01 5.005068076207247474e-02 -8.244324278419340457e-02 4.978216311080473133e+01
-3.457439912300891427e-02 -9.778192198968572724e-01 -2.065773078670179452e-01 5.959125902954740894e+01 -9.704623489962493910e-02 -2.024392457962150560e-01 9.744744122106370199e-01 5.122588368599111419e+01 -9.946791639604652957e-01 5.373941720712477332e-02 -8.789445842115908847e-02 4.980756575157506205e+01
-3.609463723412900671e-02 -9.763322765160844519e-01 -2.132427325745402946e-01 5.963551252389828505e+01 -1.035561177315740822e-01 -2.085789379824656287e-01 9.725075614669900226e-01 5.172214889382678393e+01 -9.939684641090487105e-01 5.718489715849006672e-02 -9.357659907087839679e-02 4.983022366260674829e+01
-3.717214506051347289e-02 -9.747822725383665787e-01 -2.200403435203140967e-01 5.968197882275902799e+01 -1.102841796463589485e-01 -2.148458572417511203e-01 9.704012867601664594e-01 5.221819051244080612e+01 -9.932047278136214574e-01 6.033886617259864860e-02 -9.951678188966647798e-02 4.985011634167420169e+01
-3.774133158533549137e-02 -9.731826975813731018e-01 -2.269163480633504815e-01 5.973064764288245243e+01 -1.172389371378836920e-01 -2.211976634613951886e-01 9.681563021010599623e-01 5.271397171908054702e+01 -9.923863277519220372e-01 6.314293949018567886e-02 -1.057466107428206570e-01 4.986722314768119446e+01
-3.772463552497554162e-02 -9.715526210954852360e-01 -2.337998210371445840e-01 5.978151127986434688e+01 -1.244275941007373931e-01 -2.275785846724020234e-01 9.657772836554031626e-01 5.320945520923547889e+01 -9.915112836981787581e-01 6.552474525703588792e-02 -1.123026360251203892e-01 4.988152167485750255e+01
-3.702958919123805481e-02 -9.699181100283587043e-01 -2.405985647574509501e-01 5.983456528648896722e+01 -1.318555421963319430e-01 -2.339164846085444727e-01 9.632742051049079102e-01 5.370460377278133990e+01 -9.905770669243458837e-01 6.739390230130409831e-02 -1.192272469537177249e-01 4.989298714406363899e+01
-3.554486859936428766e-02 -9.683137933562910860e-01 -2.471941745110591837e-01 5.988980927894870376e+01 -1.395258281041313331e-01 -2.401195716351130494e-01 9.606639030429042769e-01 5.419938106607304462e+01 -9.895802673902257540e-01 6.863664410298514484e-02 -1.265697652607835066e-01 4.990159161078492644e+01
-3.313478671829109268e-02 -9.667844325881426171e-01 -2.534362776209375667e-01 5.994724782705508659e+01 -1.474386328473812346e-01 -2.460729110854457669e-01 9.579718012415761041e-01 5.469375271354415702e+01 -9.885160269076211925e-01 6.910848960263710206e-02 -1.343878015729616515e-01 4.990730287894798778e+01
-2.963135951036799387e-02 -9.653861978487153772e-01 -2.591360097261060647e-01 6.000689137898415737e+01 -1.555908741921628868e-01 -2.516351052132238530e-01 9.552336121035778227e-01 5.518768780668277429e+01 -9.873770619179312868e-01 6.862406886458222166e-02 -1.427489921883276225e-01 4.991008298474487503e+01
-2.482246281632130569e-02 -9.641870707190707268e-01 -2.640589668954834712e-01 6.006875713303728048e+01 -1.639761365878499855e-01 -2.566358704828904935e-01 9.524966438844874039e-01 5.568116083131005922e+01 -9.861519517647648891e-01 6.694268174839390628e-02 -1.517333364520735695e-01 4.990988603442099958e+01
-1.843348429898764018e-02 -9.632653136866726751e-01 -2.679181630735692488e-01 6.013286972330612912e+01 -1.725852893292805779e-01 -2.608758834862262566e-01 9.498200310176712069e-01 5.617415395824989588e+01 -9.848220776179461566e-01 6.374722631924956140e-02 -1.614365713612466724e-01 4.990665503633484690e+01
-1.009777519855856176e-02 -9.627041112958851787e-01 -2.703679511888183451e-01 6.019926155356848341e+01 -1.814084112878808219e-01 -2.641313773017974764e-01 9.472727188295156919e-01 5.666665942104198450e+01 -9.833560002613734863e-01 5.861236745479059262e-02 -1.719754840996184087e-01 4.990031709678820704e+01
6.929090032820328648e-04 -9.625789976626560884e-01 -2.710003563390095405e-01 6.026797265532666614e+01 -1.904390716327187816e-01 -2.661678639368061372e-01 9.449273137141219747e-01 5.715868128185181263e+01 -9.816987724718728714e-01 5.095430763021724374e-02 -1.834970807973352325e-01 4.989077580555398583e+01
1.467542163791304977e-02 -9.629318391137222655e-01 -2.693453270818234602e-01 6.033905014555048751e+01 -1.996825794193224923e-01 -2.667705361090058069e-01 9.428469380236432773e-01 5.765023512205893041e+01 -9.797507333379219530e-01 3.994689331072737160e-02 -1.961956835371918562e-01 4.987789831701316956e+01
3.298353647802268473e-02 -9.637189435098585388e-01 -2.648733362225142440e-01 6.041254405785022641e+01 -2.091604509035157045e-01 -2.658050378470625530e-01 9.410630093851100053e-01 5.814134412848481759e+01 -9.773249163401294126e-01 2.436144033844805934e-02 -2.103390789306525677e-01 4.986148452967707811e+01
5.785206375589851957e-02 -9.646914728146982476e-01 -2.569503862573320752e-01 6.048831456843963394e+01 -2.183523673882497573e-01 -2.633767615266278117e-01 9.396568124287147938e-01 5.863207952596800965e+01 -9.741536749276935581e-01 1.744639319323282312e-03 -2.258795560880072495e-01 4.984087724313586421e+01
-1.876536049881044610e-01 -9.590585155943194273e-01 -2.121152710225959193e-01 6.059055390449949385e+01 -9.812261918899487512e-01 1.732513049915774817e-01 8.472983930036250000e-02 5.917576626818920005e+01 -4.451162639264401311e-02 2.240329194219819464e-01 -9.735645670068040491e-01 4.985156771093945594e+01
-2.016163539180037545e-01 -9.564101872221220102e-01 -2.112590817232624096e-01 6.050897030633640128e+01 -9.784635726975927650e-01 1.869207207333230536e-01 8.757671530948214766e-02 5.916929489257721286e+01 -4.427056286826806797e-02 2.243662138965688557e-01 -9.734988029397089182e-01 4.936158434252035931e+01
-2.093190219593702717e-01 -9.549169134757146127e-01 -2.105213419204519654e-01 6.042449011249294699e+01 -9.767284724886352576e-01 1.938802720632464005e-01 9.171658047866530772e-02 5.915937754384785308e+01 -4.676577889857708170e-02 2.248202136434727660e-01 -9.732773671781920211e-01 4.886911185799687019e+01
-2.171854200761743903e-01 -9.533382926256001033e-01 -2.097059682508859435e-01 6.034190141468155133e+01 -9.748603408005124260e-01 2.008828679635242531e-01 9.640222659803249217e-02 5.914665488889581013e+01 -4.977759777896874349e-02 2.253711897569323219e-01 -9.730005229119357280e-01 4.837634517099624532e+01
-2.254141470957037319e-01 -9.516308886214185359e-01 -2.087752717893720245e-01 6.026130861568626784e+01 -9.728035827475670638e-01 2.081229670283508693e-01 1.016760541563934556e-01 5.913113450528742732e+01 -5.330714476141371061e-02 2.260165534135181176e-01 -9.726637990078896845e-01 4.788336751314390938e+01
-2.340649784536525113e-01 -9.497790291648695593e-01 -2.076857761622821485e-01 6.018270797834001229e+01 -9.705239229320825611e-01 2.156466518380864839e-01 1.076096490447986526e-01 5.911282332591814281e+01 -5.741864573475077838e-02 2.267516644032883111e-01 -9.722585982197978760e-01 4.739021281156177423e+01
-2.432056073506291272e-01 -9.477645947310909813e-01 -2.063814563555130266e-01 6.010609480009144079e+01 -9.679790414622643224e-01 2.235060494523165575e-01 1.142874496522456040e-01 5.909173195609556473e+01 -6.219009441227411894e-02 2.275682729038245034e-01 -9.717741884432632427e-01 4.689691488849420153e+01
-2.529179974143490606e-01 -9.455653021252500290e-01 -2.047895163349439662e-01 6.003146656680875992e+01 -9.651150854394850986e-01 2.317658449027938383e-01 1.218091334573476459e-01 5.906787531414072845e+01 -6.771527479860901810e-02 2.284531736555197867e-01 -9.711970907110824003e-01 4.640350887326478357e+01
-2.633022961013938290e-01 -9.431532819086214658e-01 -2.028146634065962628e-01 5.995882397956560084e+01 -9.618627174136005209e-01 2.405073265702402652e-01 1.302932796262353254e-01 5.904127370418536458e+01 -7.410812180495791879e-02 2.293863829677620370e-01 -9.705101099893339578e-01 4.591003154325645852e+01
-2.744819227459752708e-01 -9.404930290558713990e-01 -2.003310669441571157e-01 5.988817235834386565e+01 -9.581315152216441922e-01 2.498338905156092804e-01 1.398821886049493868e-01 5.901195426114620801e+01 -8.150873342623179973e-02 2.303386408033755717e-01 -9.696908976205278474e-01 4.541652172874392335e+01
-2.866104003869409111e-01 -9.375383326936922446e-01 -1.971708728995475446e-01 5.981952369959313387e+01 -9.538018404240279358e-01 2.598788184415547486e-01 1.507482966045027573e-01 5.897995290816501779e+01 -9.009177317477529146e-02 2.312679710970663438e-01 -9.687097593969370424e-01 4.492302084385481464e+01
-2.998806483922297761e-01 -9.342275390086518527e-01 -1.931074884039817308e-01 5.975289974563801820e+01 -9.487127567965114583e-01 2.708164825260671038e-01 1.631028444993279924e-01 5.894531705361059437e+01 -1.000784782629084019e-01 2.321149244448673099e-01 -9.675262063833384163e-01 4.442957360232157527e+01
-3.145377872523651974e-01 -9.304760060671467548e-01 -1.878307283798831273e-01 5.968833665359534990e+01 -9.426436052862235959e-01 2.828788323851876840e-01 1.772077865145424980e-01 5.890810937964499772e+01 -1.117542563098903874e-01 2.327959800377240596e-01 -9.660833389904307511e-01 4.393622901909773049e+01
-3.308970101463934999e-01 -9.261636593118733884e-01 -1.809089407581006836e-01 5.962589226206389981e+01 -9.352850489147181978e-01 2.963802394943809704e-01 1.933924272401761346e-01 5.886841328064913625e+01 -1.254952029074060948e-01 2.331944034647782105e-01 -9.642983585177024031e-01 4.344304188803337041e+01
-3.493688094820451284e-01 -9.211136586780953595e-01 -1.717296210842851056e-01 5.956565771338344462e+01 -9.261919612766130738e-01 3.117559594852527538e-01 2.120770440005488866e-01 5.882634085935396229e+01 -1.418093291278107737e-01 2.331476989422866519e-01 -9.620458745040372239e-01 4.295007512243522285e+01
-3.704947827463226928e-01 -9.150542296675870935e-01 -1.594031766471872280e-01 5.950777665656669768e+01 -9.147036156662494699e-01 3.296234777855464038e-01 2.338068826609948636e-01 5.878204499164704799e+01 -1.614029474478269055e-01 2.324308922239481934e-01 -9.591271911978795917e-01 4.245740380765445821e+01
-3.949959186712434511e-01 -9.075478846947894196e-01 -1.426010561639484420e-01 5.945247815982018125e+01 -8.998025941752457735e-01 3.508813144222418523e-01 2.593021301586585503e-01 5.873573801396167937e+01 -1.852930536975373743e-01 2.307360833838804082e-01 -9.552106281214152173e-01 4.196512299772958698e+01
-4.237388649634550863e-01 -8.978964131256685910e-01 -1.192786888574040721e-01 5.940013207271474016e+01 -8.798824899714421388e-01 3.767704935885030637e-01 2.895700243511591943e-01 5.868772199205814388e+01 -2.150631957382246884e-01 2.276533031983818678e-01 -9.496956330223529363e-01 4.147336583961519096e+01
-4.536024731224560513e-01 -8.869940751140298341e-01 -8.652344820797794323e-02 5.935117953094763976e+01 -8.536796368195288531e-01 4.045754369944346562e-01 3.279478517393275006e-01 5.863850768879083120e+01 -2.558825395701497252e-01 2.226212624467154011e-01 -9.407251986896926210e-01 4.098243108066034068e+01
3.334792427779564861e-02 5.662930746232364143e-03 -9.994277598514690331e-01 5.929964757477062420e+01 -9.930141790107239741e-01 1.134335178394655363e-01 -3.249118825499364149e-02 5.850934067572040220e+01 1.131846112774178570e-01 9.935294501150566671e-01 9.406142889239021976e-03 4.046835057198980223e+01
3.948459305478557724e-02 -2.037749770657570902e-03 -9.992181015610007710e-01 5.881751606895641515e+01 -9.910948767576213125e-01 1.271879472411707179e-01 -3.942297986419512901e-02 5.862201692197925240e+01 1.271688333519401803e-01 9.918765415375290218e-01 3.002360980478457897e-03 4.050095397489257465e+01
4.679994753866492663e-02 -6.461924036946953276e-03 -9.988833808048460661e-01 5.833389469405118177e+01 -9.901192690761957405e-01 1.320298808980012450e-01 -4.724344985370915184e-02 5.874116417887887565e+01 1.321877373828546087e-01 9.912246738695524861e-01 -2.190840047252007317e-04 4.053159195686359340e+01
5.410581522804949750e-02 -1.091058573587694314e-02 -9.984755980380334295e-01 5.784953344651357554e+01 -9.891008579535185419e-01 1.365452246862004781e-01 -5.508987575779134005e-02 5.885776319922717903e+01 1.369381376904258429e-01 9.905737533037584086e-01 -3.403779014987229345e-03 4.056019276649276151e+01
6.132960731511125085e-02 -1.545521963745249971e-02 -9.979979035311308255e-01 5.736447823990236117e+01 -9.880201252086373565e-01 1.409253951663940463e-01 -6.289884879633528270e-02 5.897160250735546327e+01 1.416153644534476896e-01 9.898995753020372046e-01 -6.627168895041002372e-03 4.058671356144768083e+01
6.841381076805169714e-02 -2.008709791907720144e-02 -9.974547904508671570e-01 5.687875828695015201e+01 -9.868850909434130347e-01 1.451610846060995552e-01 -7.061215751974048160e-02 5.908266997007071097e+01 1.462100125497739489e-01 9.892041083685261249e-01 -9.892634483530893252e-03 4.061116302884964568e+01
7.528630609011566222e-02 -2.479109740067270140e-02 -9.968537373180559324e-01 5.639240161902026927e+01 -9.857078818833044931e-01 1.492367895258185362e-01 -7.815594823912097588e-02 5.919096087142043672e+01 1.507048231093983115e-01 9.884906586011306118e-01 -1.320129349223281290e-02 4.063355212532363225e+01
8.185614547786218553e-02 -2.954622737111106678e-02 -9.962060991058236947e-01 5.590543469894691242e+01 -9.845050415101885832e-01 1.531353266739243213e-01 -8.543649668316538603e-02 5.929647429546776038e+01 1.550786725779181308e-01 9.877634292544978933e-01 -1.655334222644444520e-02 4.065389161940436225e+01
8.800924186105099634e-02 -3.432415040481429092e-02 -9.955281141414495938e-01 5.541788133318559062e+01 -9.832985478226711207e-01 1.568378238853687379e-01 -9.233559903270593949e-02 5.939921380162557085e+01 1.593058040275671661e-01 9.870277350195839627e-01 -1.994770927301248165e-02 4.067219188993892232e+01
9.360329839164988064e-02 -3.908736614109920016e-02 -9.948419976751863292e-01 5.492976113385179815e+01 -9.821169253248257514e-01 1.603235548008056788e-01 -9.870513039626599427e-02 5.949918825601124439e+01 1.633547291042244942e-01 9.862902897140297664e-01 -2.338155031431216058e-02 4.068846276562788233e+01
9.846196215065544655e-02 -4.378709881439141194e-02 -9.941770124011426457e-01 5.444108741302158450e+01 -9.809963312641598598e-01 1.635696510905317314e-01 -1.043607554992799225e-01 5.959641266054635622e+01 1.671868417540736673e-01 9.855595665506678982e-01 -2.684959449894736006e-02 4.070271330852911973e+01
1.023683139311848678e-01 -4.836094111350230929e-02 -9.935703033391762862e-01 5.395186437828563442e+01 -9.799814172383508604e-01 1.665505535039152607e-01 -1.090749054322442957e-01 5.969090885395073798e+01 1.707546490447623966e-01 9.848462481535663615e-01 -3.034332426488889345e-02 4.071495151152363690e+01
1.050580081634954477e-01 -5.273040060789818684e-02 -9.930671275258535768e-01 5.346208352205699299e+01 -9.791256320305863348e-01 1.692369298814844492e-01 -1.125693486922393904e-01 5.978270587748014009e+01 1.739994586814119226e-01 9.841637904414186622e-01 -3.384999206138034067e-02 4.072518386564593129e+01
1.062127110307297950e-01 -5.679866266330785285e-02 -9.927198859371977324e-01 5.297171917719946777e+01 -9.784904512133074661e-01 1.715935483742848933e-01 -1.145080391968190670e-01 5.987183968571203252e+01 1.768482312602560058e-01 9.835291383970187207e-01 -3.735153308951694173e-02 4.073341472328775126e+01
1.054550036540967961e-01 -6.044917045203679340e-02 -9.925850794747901329e-01 5.248072338928151481e+01 -9.781428171723257625e-01 1.735751473517046228e-01 -1.144914732022456194e-01 5.995835174696294700e+01 1.792090160078474992e-01 9.829636646455935933e-01 -4.082355408345100800e-02 4.073964532487482870e+01
1.023466682145620921e-01 -6.354608704070763281e-02 -9.927170061639891685e-01 5.198902058491235323e+01 -9.781499342170387745e-01 1.751184708424171899e-01 -1.120545731374518184e-01 6.004228594229653027e+01 1.809637137566020848e-01 9.824944864942646294e-01 -4.423480882506802825e-02 4.074387223528445645e+01
9.639342762308136803e-02 -6.593762446199563643e-02 -9.931568540725994598e-01 5.149650305190633048e+01 -9.785708253407110480e-01 1.761261366326282440e-01 -1.066711009920884856e-01 6.012368296111570487e+01 1.819545187761857918e-01 9.821567154355630436e-01 -4.754723358675067013e-02 4.074608467545269974e+01
8.706872738293283676e-02 -6.742605605904267163e-02 -9.939178857814359169e-01 5.100302936067388515e+01 -9.794504478382961565e-01 1.764034404190646665e-01 -9.776833044334265477e-02 6.020256502400854970e+01 1.819226674751600048e-01 9.820058824531757713e-01 -5.068125773974052617e-02 4.074626083872065863e+01
7.422662715696395908e-02 -6.603557664438802766e-02 -9.950526169193991688e-01 5.050845430935417824e+01 -9.810375287945469758e-01 1.743071900506461824e-01 -8.474886779973195283e-02 6.027861769569675943e+01 1.790412659628768388e-01 9.824745829352998783e-01 -5.184514411706586667e-02 4.074445565379087242e+01
-1.129378667973868211e-01 9.920634965648648107e-01 5.527257029259767529e-02 4.998989356902393411e+01 -9.873067115409356331e-01 -1.183006435140370183e-01 1.059736528123314675e-01 6.035263095178694925e+01 1.116713731870417198e-01 -4.260254132864822740e-02 9.928315707524923983e-01 4.074865171664697527e+01
-1.105891899239315190e-01 9.923356641957771229e-01 5.513583804654260262e-02 5.000189906678988905e+01 -9.884542482913379891e-01 -1.155991359026444787e-01 9.795426899001449805e-02 6.046731316007144841e+01 1.035771698144663244e-01 -4.366657009301163489e-02 9.936624178007024133e-01 4.123589670915435335e+01
-1.030127085061059988e-01 9.932316747566910520e-01 5.365838374620459511e-02 5.001123382669975115e+01 -9.901224906245712498e-01 -1.075495649954659738e-01 8.994745482047794560e-02 6.057831636963221911e+01 9.510959702170918018e-02 -4.386264161339306633e-02 9.944999915661454359e-01 4.172249631998617758e+01
-9.495841481017891494e-02 9.941201430725478128e-01 5.203883736359993240e-02 5.001786533772700238e+01 -9.917651540728188442e-01 -9.898722429666689804e-02 8.126135977793710885e-02 6.068698129474733349e+01 8.593473467496104412e-02 -4.389385564584849519e-02 9.953333867669091894e-01 4.220943001802423566e+01
-8.648589030730496896e-02 9.949855058967022048e-01 5.023976346716466090e-02 5.002184044705884958e+01 -9.933532871337794612e-01 -8.996924822990354231e-02 7.179680573299500324e-02 6.079327327902118583e+01 7.595681482440025389e-02 -4.369642351989287687e-02 9.961531934663976351e-01 4.269664864295750561e+01
-7.753696145905802917e-02 9.958251105184431351e-01 4.817020727199433638e-02 5.002319246411516218e+01 -9.948625363140036759e-01 -8.043549108979736184e-02 6.147085172673968229e-02 6.089712674922443369e+01 6.508881199226357328e-02 -4.315647152019586735e-02 9.969458187481214928e-01 4.318405875633883539e+01
-6.804785027034782052e-02 9.966346531974008549e-01 4.570402739016462407e-02 5.002195649476139039e+01 -9.962593052382278103e-01 -7.032510486034898589e-02 5.021729137084693373e-02 6.099847479667972294e+01 5.326243328865045562e-02 -4.211588385012851599e-02 9.976920193765681510e-01 4.367153954445911523e+01
-5.795933485162968468e-02 9.974066988140476431e-01 4.266840358415871504e-02 5.001816906168945565e+01 -9.974988055421484257e-01 -5.959089757258190234e-02 3.801391677375100947e-02 6.109725905053779371e+01 4.045798370586813075e-02 -4.035842027827681727e-02 9.983658394932681812e-01 4.415893534602450643e+01
-4.723308919093877067e-02 9.981289174179254209e-01 3.882910634563855462e-02 5.001186519840113220e+01 -9.985253735729012758e-01 -4.822185109611681897e-02 2.493454246546255443e-02 6.119344995174282786e+01 2.676029926175809218e-02 -3.759411245107421168e-02 9.989347171324245434e-01 4.464604919322698606e+01
-3.588427371366303964e-02 9.987816407218879089e-01 3.387555249640688410e-02 5.000307200754917147e+01 -9.992782761084251231e-01 -3.628348985272861205e-02 1.124434355048966119e-02 6.128708690007758975e+01 1.245976716545759734e-02 -3.344760859913369078e-02 9.993628028304746280e-01 4.513264590022114220e+01
-2.404287550297684595e-02 9.993349825747364079e-01 2.741409746645135162e-02 4.999179550556110030e+01 -9.997093574544682060e-01 -2.398518446042124941e-02 -2.431366770816588418e-03 6.137835134745892418e+01 -1.772217684997984960e-03 -2.746458681195305951e-02 9.996212061154596817e-01 4.561848534450177084e+01
-1.205967926821377434e-02 9.997468807306106875e-01 1.899311994807242193e-02 4.997799563453379790e+01 -9.998207239331158291e-01 -1.177892814784559095e-02 -1.482487253057661672e-02 6.146768394665971158e+01 -1.459740147450112879e-02 -1.916849814414118072e-02 9.997097001375401248e-01 4.610343253708046518e+01
-6.585546318715884695e-04 9.999660189691024215e-01 8.217494318941882120e-03 4.996154516485087527e+01 -9.997212040118614862e-01 -4.643950054326051458e-04 -2.360717234980187068e-02 6.155592623420958631e+01 -2.360255399042996208e-02 -8.230749927189561985e-03 9.996875382842206337e-01 4.658773091380287923e+01
8.960378599818241696e-03 9.999477000098904167e-01 -4.930401634590662191e-03 4.994219018224266904e+01 -9.996496173118551987e-01 8.834678821352470734e-03 -2.495177465402527786e-02 6.164434853229688116e+01 -2.490691116155577256e-02 5.152251454849716972e-03 9.996764977138037356e-01 4.707253196335043555e+01
1.555761284353968099e-02 9.996899002740003981e-01 -1.944386722772974835e-02 4.991964978580781320e+01 -9.997874630662674234e-01 1.529015958310159240e-02 -1.382894484189154533e-02 6.173411555870053746e+01 -1.352735665706058382e-02 1.965488005769407825e-02 9.997153076310226760e-01 4.756049401895762685e+01
2.035631458599573840e-02 9.992447572749817430e-01 -3.309887482890373767e-02 4.989436307450612418e+01 -9.997182932119251797e-01 2.074776969719682729e-02 1.152667645194012207e-02 6.182419648235274678e+01 1.220469884559259414e-02 3.285490999920010619e-02 9.993856113708228239e-01 4.805463616358146339e+01
2.440334532928295497e-02 9.983394728432544163e-01 -5.218020409880031601e-02 4.986583393506913353e+01 -9.992703852820603583e-01 2.589351264104683414e-02 2.807531124227186786e-02 6.190833463619517119e+01 2.937982019996467770e-02 5.145700113843248297e-02 9.982429580011356052e-01 4.854666150952483150e+01
-6.199380692497991063e-02 9.949452264101629195e-01 -7.899850850856821038e-02 4.979664288056766708e+01 -9.925778989765744464e-01 -5.316193036377092618e-02 1.093751508490255209e-01 6.200362515556425791e+01 1.046225710169551293e-01 8.519275558184269403e-02 9.908563528737023285e-01 4.906034921226879675e+01
-4.438414935278850448e-02 9.961778302109014493e-01 -7.523149528309175382e-02 4.976526007327321111e+01 -9.881090123811906434e-01 -3.267833797831659615e-02 1.502421574593590659e-01 6.209542968247216521e+01 1.472094661945939076e-01 8.100528885989735639e-02 9.857826921991617031e-01 4.957640501072447847e+01
8.557662320361086872e-02 9.954251304496111175e-01 -4.249060167192553195e-02 4.972805239405371225e+01 -1.438886165354520408e-01 -2.985237206538388088e-02 -9.891435193709676721e-01 6.216869146896318199e+01 -9.858867620536251319e-01 9.076147614183516232e-02 1.406756796890430428e-01 5.006891166795944770e+01
