-9.978506624649753354e-01 6.525955979899855652e-02 -5.936772949253421409e-03 1.187832713129999940e+00 -6.526056779188654788e-02 -9.978682566934519160e-01 -2.398023902334215913e-05 -7.809976935389999486e-01 -5.925682213098891656e-03 3.635084761242807520e-04 9.999823769206622748e-01 7.672029018399999956e+00
-9.978617456083830328e-01 6.507682948540922940e-02 -6.078068403517353051e-03 1.191697239880000092e+00 -6.507650976273819665e-02 -9.978802458672769715e-01 -2.505692787570826491e-04 -7.804697155950000020e-01 -6.081490647127978967e-03 1.455059799037115690e-04 9.999814969785786323e-01 7.673771858220000297e+00
-9.978647142671045467e-01 6.502361067600924416e-02 -6.159713896321577543e-03 1.195187568659999977e+00 -6.502232052157476405e-02 -9.978837256844003134e-01 -4.096928242502318905e-04 -7.800598740580000356e-01 -6.173317958712151547e-03 -8.299121719920922588e-06 9.999809448567034131e-01 7.675365924840000353e+00
-9.978655867613838160e-01 6.499083065341650089e-02 -6.361028874173030312e-03 1.197721719740000079e+00 -6.498924684454467082e-02 -9.978858603226762325e-01 -4.555904422433757297e-04 -7.798076272010000531e-01 -6.377189971920693354e-03 -4.121954828315731916e-05 9.999796646677425738e-01 7.676893711089999961e+00
-9.978728959154448130e-01 6.489574914173017184e-02 -6.182664527363546103e-03 1.202679395679999930e+00 -6.489365859304309370e-02 -9.978920398766280009e-01 -5.383542257911000124e-04 -7.791286706919999805e-01 -6.204568617870005742e-03 -1.359933692844341108e-04 9.999807422316043803e-01 7.678527355189999959e+00
-9.978751303780132309e-01 6.488126619550534102e-02 -5.970382729058444464e-03 1.207967877390000000e+00 -6.487974100263023403e-02 -9.978929890598701169e-01 -4.489906346380744288e-04 -7.785077691080000140e-01 -5.986934148216796654e-03 -6.067970293008686546e-05 9.999820763081102015e-01 7.680454730990000201e+00
-9.978794446678339591e-01 6.484321917298337123e-02 -5.654275965996395995e-03 1.212024450299999945e+00 -6.484260362160514102e-02 -9.978954611131235497e-01 -2.923104478264866666e-04 -7.781123518939999650e-01 -5.661330672783791360e-03 7.494738788257241464e-05 9.999839717304984665e-01 7.681767940520000337e+00
-9.978921635221519315e-01 6.463160202335828386e-02 -5.829751364607672383e-03 1.214656591420000042e+00 -6.463288322496797689e-02 -9.979091087956902806e-01 3.144231361521958356e-05 -7.779361605639999455e-01 -5.815529821655829150e-03 4.081696775389189054e-04 9.999830063608120545e-01 7.682913303380000336e+00
-9.978848393910969561e-01 6.474730221449205569e-02 -5.799497335916479340e-03 1.216923117639999941e+00 -6.474930029442059476e-02 -9.979015499477886797e-01 1.572360760708467486e-04 -7.778945565220000136e-01 -5.777146768692746973e-03 5.324168910763915673e-04 9.999831704121158182e-01 7.684275627139999898e+00
-9.978783296140861792e-01 6.486188823339739118e-02 -5.636908851427323112e-03 1.218454122540000073e+00 -6.486534453030082248e-02 -9.978939323291510233e-01 4.323188975048691471e-04 -7.778319716449999532e-01 -5.596996119920662725e-03 7.970416940364978293e-04 9.999840190517904626e-01 7.685543537140000048e+00
-9.978663071481215230e-01 6.506734377935877167e-02 -5.392015585078633981e-03 1.222629427910000066e+00 -6.506896035072046169e-02 -9.978807618343410457e-01 1.247388934338304416e-04 -7.771037220950000046e-01 -5.372472191399192167e-03 4.753255872645078769e-04 9.999854551982938489e-01 7.687488079070000424e+00
-9.978691463971411935e-01 6.502498702011436094e-02 -5.377520959934902617e-03 1.227100253109999928e+00 -6.502547218761098313e-02 -9.978836008190457019e-01 -8.475372284180506823e-05 -7.762934565539999499e-01 -5.371651088707426677e-03 2.651027145524102128e-04 9.999855374379830186e-01 7.689464092249999716e+00
-9.978739867371977379e-01 6.493755630527602019e-02 -5.533567954766435704e-03 1.230447649959999890e+00 -6.493664116555268595e-02 -9.978893293128456854e-01 -3.450763611783351113e-04 -7.756152749060000184e-01 -5.544296830722572969e-03 1.498859238607897827e-05 9.999846301558814599e-01 7.691247940060000232e+00
-9.978759212380409194e-01 6.491267656122534646e-02 -5.476334083049968181e-03 1.232836604120000068e+00 -6.491052748434056330e-02 -9.978909254787110550e-01 -5.694461752297402595e-04 -7.751019001009999965e-01 -5.501748361757054749e-03 -2.127648926916100294e-04 9.999848426331594542e-01 7.692895889279999899e+00
-9.978758921116848146e-01 6.492414936172416495e-02 -5.344040790048193955e-03 1.234282612799999956e+00 -6.492196809148129133e-02 -9.978901746727868449e-01 -5.808189423928898339e-04 -7.748281359669999535e-01 -5.370474973207723692e-03 -2.326395746445868856e-04 9.999855518343204741e-01 7.694260597230000442e+00
-9.978671124534418402e-01 6.508858815582999058e-02 -4.970067978450001464e-03 1.235364317890000008e+00 -6.508648707297839953e-02 -9.978794560117082435e-01 -5.834983084929811631e-04 -7.745851874350000443e-01 -4.997507811768020849e-03 -2.587695069861488655e-04 9.999874788986177210e-01 7.695508480069999990e+00
-9.978678530126817714e-01 6.508706565316747794e-02 -4.839608302452697887e-03 1.238749742510000029e+00 -6.508534158432625893e-02 -9.978795694303516095e-01 -5.130539423771731181e-04 -7.740327715870000125e-01 -4.862739424694172662e-03 -1.969724764601267074e-04 9.999881574134421580e-01 7.697515010830000115e+00
-9.978854546148412386e-01 6.483994893166097895e-02 -4.516690234149924564e-03 1.242332100869999900e+00 -6.483900007212856087e-02 -9.978956744504010601e-01 -3.563464967073005679e-04 -7.734842896460000228e-01 -4.530291136139056284e-03 -6.273530744934128307e-05 9.999897362105787391e-01 7.699896812439999572e+00
-9.978906788132499983e-01 6.475949313218831715e-02 -4.516767305626499460e-03 1.244984626769999991e+00 -6.475921073517673654e-02 -9.979008973770704394e-01 -2.088994839200732773e-04 -7.731093764309999727e-01 -4.520814372222336022e-03 8.404343797408335968e-05 9.999897775348066675e-01 7.702222347260000213e+00
-9.978899454565376415e-01 6.476055508906175540e-02 -4.661251045030104581e-03 1.246636390689999985e+00 -6.476031906792781290e-02 -9.979008269301864464e-01 -2.017083785221113201e-04 -7.728877663609999837e-01 -4.664529018923944600e-03 1.005813420903051711e-04 9.999891159669814789e-01 7.703991413119999798e+00
-9.978930929755552848e-01 6.469449636009878823e-02 -4.898686802840119224e-03 1.247989773750000086e+00 -6.469386925288798940e-02 -9.979051163214535114e-01 -2.865319458342535002e-04 -7.727747559550000034e-01 -4.906961663737365899e-03 3.098675386893908032e-05 9.999879603110484183e-01 7.705620288849999611e+00
-9.979010782218906694e-01 6.456960899617854299e-02 -4.919723332522407157e-03 1.248773455620000083e+00 -6.456980791021439681e-02 -9.979131855280212182e-01 -1.185569700888185955e-04 -7.727174162859999917e-01 -4.917111959876373749e-03 1.993574622700191343e-04 9.999878910599749871e-01 7.707218170169999993e+00
-9.978972849299811987e-01 6.463521687734552490e-02 -4.826745134188359550e-03 1.252030014990000106e+00 -6.463516671736510566e-02 -9.979089474929168091e-01 -1.665442799718803383e-04 -7.715730071070000529e-01 -4.827416782330127935e-03 1.457833916459373843e-04 9.999883373291973410e-01 7.709159851069999903e+00
-9.978995932238294841e-01 6.461851003097633661e-02 -4.566180580328763755e-03 1.255389928819999890e+00 -6.461639189199806788e-02 -9.979099908040240940e-01 -6.100429266641539238e-04 -7.702405452730000102e-01 -4.596057285901363962e-03 -3.137114745390790849e-04 9.999893888649696860e-01 7.711499691010000213e+00
-9.979038418267093258e-01 6.458209853907025122e-02 -4.132192612164534151e-03 1.257801055909999910e+00 -6.457946485954806082e-02 -9.979122723122463290e-01 -7.677806091787205134e-04 -7.693079710010000127e-01 -4.173150602195354816e-03 -4.993164319893326260e-04 9.999911677095715268e-01 7.713806152340000111e+00
-9.979012564520620687e-01 6.462768226224734069e-02 -4.042902027745475316e-03 1.259228348730000002e+00 -6.462530340837456533e-02 -9.979093430167010892e-01 -7.164351692810975699e-04 -7.687355875970000030e-01 -4.080751250870174110e-03 -4.536577853986688410e-04 9.999915707963954459e-01 7.715466499329999728e+00
-9.978923269757694614e-01 6.477579849019435287e-02 -3.872943691986871668e-03 1.260266065599999985e+00 -6.477479633347360544e-02 -9.978998338922827616e-01 -3.837677827551888728e-04 -7.682721614840000157e-01 -3.889668731470643376e-03 -1.320897868924460618e-04 9.999924264860444723e-01 7.717191696169999560e+00
-9.979041899795214610e-01 6.459687879692699308e-02 -3.804059806321827709e-03 1.260840415949999960e+00 -6.459706094531728060e-02 -9.979114259684428445e-01 -7.509231505870562454e-05 -7.679728865620000233e-01 -3.800965474970282188e-03 1.707961473162582548e-04 9.999927617188706375e-01 7.718790054320000316e+00
-9.979015781324412915e-01 6.463062197201902004e-02 -3.914468583684578909e-03 1.263782024379999980e+00 -6.463113517818572240e-02 -9.979092224968516556e-01 4.616007730320355719e-06 -7.674223780629999547e-01 -3.905985965382392788e-03 2.576028695816374959e-04 9.999923384278498473e-01 7.720788478850000303e+00
-9.978991763413685989e-01 6.467401860232090127e-02 -3.808566009038862315e-03 1.266854166979999974e+00 -6.467410535530083993e-02 -9.979064334872961295e-01 -1.005045107719141153e-04 -7.668877840040000393e-01 -3.807092553380195168e-03 1.460222308033117032e-04 9.999927423355623457e-01 7.723025321959999800e+00
-9.979108651347166070e-01 6.449571665297081091e-02 -3.769320827512069334e-03 1.269146800039999912e+00 -6.449607436271186101e-02 -9.979179603949210886e-01 -2.670280911657888856e-05 -7.664963006970000325e-01 -3.763195169075561706e-03 2.164593730410845768e-04 9.999928957284941466e-01 7.724879264830000203e+00
-9.979098718598458095e-01 6.450026696117375224e-02 -3.950089442456649821e-03 1.270559430120000055e+00 -6.450041782796603340e-02 -9.979176760244703459e-01 -8.931930414983481044e-05 -7.662649154659999517e-01 -3.947625195467586307e-03 1.656498041375191314e-04 9.999921943772653865e-01 7.726408481600000044e+00
-9.979160769461562497e-01 6.440122103603913850e-02 -3.998262305084315273e-03 1.271674156190000016e+00 -6.440151298295480886e-02 -9.979240662543632512e-01 -5.581992024712585903e-05 -7.660675644869999745e-01 -3.993557048463333183e-03 2.017905459216871736e-04 9.999920053593809310e-01 7.727998733519999774e+00
-9.979064085856916844e-01 6.453781545796904995e-02 -4.203579370022561025e-03 1.272254705429999966e+00 -6.453807898236324503e-02 -9.979152424041279890e-01 -7.306693538990368460e-05 -7.659046053889999595e-01 -4.199531506393328582e-03 1.983769743098472377e-04 9.999911622517986265e-01 7.729552268980000029e+00
-9.979119105004529144e-01 6.444233735536020191e-02 -4.359362053572220751e-03 1.275147318839999988e+00 -6.444181180878960635e-02 -9.979214321475996519e-01 -2.610580093955194576e-04 -7.655006051060000427e-01 -4.367124012061475956e-03 2.041229215535166248e-05 9.999904638601317952e-01 7.730998516079999661e+00
-9.979180171445589664e-01 6.436829121497587847e-02 -4.044025758526526015e-03 1.278195619579999942e+00 -6.436642220968173678e-02 -9.979261569333248705e-01 -5.907623970589092905e-04 -7.651396989819999606e-01 -4.073665449758494955e-03 -3.292329704764466493e-04 9.999916483928525945e-01 7.732727527619999819e+00
-9.979031715915431811e-01 6.460471321916841370e-02 -3.935880766600930412e-03 1.280422568319999899e+00 -6.460418380972893226e-02 -9.979109333921143410e-01 -2.616309588011043216e-04 -7.649213671679999660e-01 -3.944561042581405490e-03 -6.807999075495027239e-06 9.999922201656535892e-01 7.734415531159999802e+00
-9.978933582094098309e-01 6.475507336503454059e-02 -3.952988114687276330e-03 1.281844377519999911e+00 -6.475562836914829090e-02 -9.979011516376707913e-01 1.243891928850556698e-05 -7.648186087610000516e-01 -3.943885908925349321e-03 2.683909442436520961e-04 9.999921868345962306e-01 7.735371589659999714e+00
-9.979016398638473895e-01 6.461553726347110671e-02 -4.141195624132848994e-03 1.283016800880000030e+00 -6.461673983771334950e-02 -9.979101423708705010e-01 1.571180905349548406e-04 -7.648006081579999949e-01 -4.122388845030309883e-03 4.243789604587771213e-04 9.999914128694846749e-01 7.736636161799999911e+00
-9.979058913678683362e-01 6.453770028323335683e-02 -4.326339729089100951e-03 1.283628821370000006e+00 -6.453985953346672022e-02 -9.979150645518609641e-01 3.612088803727753466e-04 -7.650080323219999867e-01 -4.294007999566091215e-03 6.396738281478511843e-04 9.999905761119417535e-01 7.737758159640000244e+00
-9.979057636634734996e-01 6.455353402575154942e-02 -4.114376259615991349e-03 1.286967992779999959e+00 -6.455602849019566325e-02 -9.979139704268554789e-01 4.762483407388551793e-04 -7.649065852169999458e-01 -4.075050035594794673e-03 7.408587551936240533e-04 9.999914225109693966e-01 7.739448547360000319e+00
-9.979082664018839033e-01 6.453053209121044353e-02 -3.860346462668580274e-03 1.290588617320000075e+00 -6.453395525477152728e-02 -9.979152156740678237e-01 7.687297013066277931e-04 -7.648884654049999954e-01 -3.802691936210907814e-03 1.016245149452304737e-03 9.999922533599119312e-01 7.741573333739999896e+00
-9.979118935276443114e-01 6.447129083031727381e-02 -3.912213535128376829e-03 1.293324351309999898e+00 -6.447502051404366274e-02 -9.979189721638948019e-01 8.347005867521619001e-04 -7.649284005169999512e-01 -3.850257885576252245e-03 1.085197690987206890e-03 9.999919988980842112e-01 7.743592739110000345e+00
-9.979133219570586188e-01 6.443883118828470924e-02 -4.079080253681969213e-03 1.294978380199999890e+00 -6.444214837588434219e-02 -9.979212081240711463e-01 6.869416971478151113e-04 -7.650364637369999610e-01 -4.026334974730650697e-03 9.483729659365092244e-04 9.999914445710968991e-01 7.744882583619999927e+00
-9.979131009479745851e-01 6.444820160752892657e-02 -3.984001249121243635e-03 1.296259880070000037e+00 -6.445064485322693493e-02 -9.979207766213588071e-01 4.878170019582698993e-04 -7.652372121810000483e-01 -3.944278692093747610e-03 7.435704267212469177e-04 9.999919448518670428e-01 7.745982170099999564e+00
-9.979019934720763096e-01 6.462585158282818654e-02 -3.887252455249839457e-03 1.297089576719999915e+00 -6.462850382619778067e-02 -9.979092355402094938e-01 5.604611870324764742e-04 -7.654569149019999630e-01 -3.842904844479072893e-03 8.105126459809453791e-04 9.999922875460626193e-01 7.746695518490000154e+00
-9.979094940560565563e-01 6.451133268687887778e-02 -3.863887646913178719e-03 1.300214290620000046e+00 -6.451444019788153683e-02 -9.979165385193561333e-01 6.849492683988114405e-04 -7.651456594469999706e-01 -3.811650395707990007e-03 9.327939264100375619e-04 9.999923005787353381e-01 7.747765541079999707e+00
-9.979103381847532761e-01 6.449454998116363469e-02 -3.925553046175783711e-03 1.303644061089999973e+00 -6.449654665099774364e-02 -9.979178563257572465e-01 3.840524713095541166e-04 -7.648174762730000076e-01 -3.892610189426521251e-03 6.364345466988502106e-04 9.999922212382358344e-01 7.749249935149999935e+00
-9.979258376886295245e-01 6.405218556542036090e-02 -6.429618786519100508e-03 1.306294918060000088e+00 -6.405864322687396251e-02 -9.979458126362286130e-01 8.032868412263696571e-04 -7.646870017050000357e-01 -6.364958867037474356e-03 1.213493349865511512e-03 9.999790071459053742e-01 7.750900745390000068e+00
-9.978245488789412310e-01 6.133939390561259086e-02 -2.415881639960049468e-02 1.307862401009999953e+00 -6.145099589239531868e-02 -9.981024673017384607e-01 3.903827610836251710e-03 -7.646795511249999677e-01 -2.387351583597025970e-02 5.379918352020819639e-03 9.997005110132511918e-01 7.753123283389999898e+00
-9.973894009949978434e-01 5.674978302397921948e-02 -4.465249051924012613e-02 1.308063983919999895e+00 -5.708482110941558163e-02 -9.983496859953951974e-01 6.263199805387200184e-03 -7.646490335460000010e-01 -4.422336465880417899e-02 8.795828535587824418e-03 9.989829465104133055e-01 7.756555080410000080e+00
-9.969213655674050711e-01 4.885165854111239714e-02 -6.132948991310988723e-02 1.305846214290000029e+00 -4.937035492497142408e-02 -9.987562203947059070e-01 6.969955341572615579e-03 -7.644588351250000136e-01 -6.091271566595957837e-02 9.976356081442093113e-03 9.980932388256789078e-01 7.759911537169999818e+00
-9.969873038035569346e-01 4.230860373003133418e-02 -6.500998465566153184e-02 1.304668307300000052e+00 -4.278957965470658181e-02 -9.990659489280534489e-01 6.023418087895414906e-03 -7.638304233549999545e-01 -6.469441960082560061e-02 8.787021275907108686e-03 9.978664341131076032e-01 7.762440204619999840e+00
-9.974225351952931140e-01 3.551621692107844591e-02 -6.234488447506408848e-02 1.300241470340000038e+00 -3.587348618389963467e-02 -9.993456592534603056e-01 4.620207817846914630e-03 -7.629016041759999478e-01 -6.213999737373464283e-02 6.844827746659013640e-03 9.980439715060206440e-01 7.764823436740000417e+00
-9.983128869110982073e-01 2.619942680567662399e-02 -5.181669482205820271e-02 1.292924046520000037e+00 -2.639861752519966423e-02 -9.996464905794713030e-01 3.163362910709012401e-03 -7.621012926100000362e-01 -5.171549883725904545e-02 4.525915067764918823e-03 9.986516025485627779e-01 7.766875267029999641e+00
-9.988636622189782655e-01 1.930989829523536983e-02 -4.357191901120176236e-02 1.284230947489999997e+00 -1.943593967563537334e-02 -9.998080510147570044e-01 2.470905704019037315e-03 -7.615602016450000455e-01 -4.351584248772075170e-02 3.314959109967605469e-03 9.990472373710279630e-01 7.768680572510000104e+00
-9.992391212718739757e-01 1.208980862492634208e-02 -3.708119533167288789e-02 1.271645665170000106e+00 -1.218314979508614872e-02 -9.999231552148729607e-01 2.292275333221506246e-03 -7.610039710999999540e-01 -3.705063266509108638e-02 2.742296946988069962e-03 9.993096269057808456e-01 7.771102905270000250e+00
-9.995420145893816333e-01 2.777439932179728409e-03 -3.013381651937797195e-02 1.258257150649999989e+00 -2.847842078055092940e-03 -9.999933144590080758e-01 2.293650536962112303e-03 -7.605453729629999549e-01 -3.012724458192056476e-02 2.378416429135402944e-03 9.995432418205781877e-01 7.773727893830000291e+00
-9.996017126257976670e-01 -3.928667523738334222e-03 -2.794604957879949503e-02 1.247905611990000052e+00 3.863671991725073536e-03 -9.999897052700743583e-01 2.379368111654086345e-03 -7.591617107389999619e-01 -2.795510962799385712e-02 2.270446070339666566e-03 9.996066010788089429e-01 7.776276588440000026e+00
-9.995510921477588351e-01 -1.103606666523285554e-02 -2.785353512183074559e-02 1.234329223630000083e+00 1.096952092186163560e-02 -9.999366049495923559e-01 2.540805507677029035e-03 -7.575448155399999717e-01 -2.787980984453378164e-02 2.234124983866885190e-03 9.996087859200665227e-01 7.779300689700000326e+00
-9.993193479574624671e-01 -2.112424763464127234e-02 -3.024246947162691906e-02 1.220059037209999975e+00 2.105349473282580250e-02 -9.997748224572271525e-01 2.656076082278378391e-03 -7.561925649640000024e-01 -3.029176715556240740e-02 2.017558546939298130e-03 9.995390629185549880e-01 7.781694889069999732e+00
-9.991571489172905718e-01 -2.769334895755531933e-02 -3.029967311682724498e-02 1.206159472469999994e+00 2.762348215988185557e-02 -9.996146924640461062e-01 2.722102748533320078e-03 -7.551427483560000375e-01 -3.036338256575183900e-02 1.882825941491543011e-03 9.995371528690867313e-01 7.783517360690000331e+00
-9.989589411519168571e-01 -3.504551572572795620e-02 -2.920352239301333627e-02 1.188085317609999914e+00 3.498056130790600654e-02 -9.993842579152429906e-01 2.732281424627177636e-03 -7.540767192839999966e-01 -2.928129476688669589e-02 1.707881353399006742e-03 9.995697519023160060e-01 7.786010742190000222e+00
-9.986571147663839687e-01 -4.450364544200134664e-02 -2.652155102655906829e-02 1.169908285140000004e+00 4.443621249724327704e-02 -9.990073302945318146e-01 3.126825337711733755e-03 -7.531563043590000506e-01 -2.663437901250155851e-02 1.944109092964964574e-03 9.996433515481677468e-01 7.788436412810000320e+00
-9.983643582153718388e-01 -5.158496366639028080e-02 -2.464953891548016945e-02 1.156261205669999903e+00 5.151907946010367972e-02 -9.986665552709330651e-01 3.300883953085616187e-03 -7.514814138409999789e-01 -2.478694609652628417e-02 2.025563335324200454e-03 9.996907043662967007e-01 7.789524078370000382e+00
-9.980071117984204987e-01 -5.893762686468712042e-02 -2.254242532059141241e-02 1.139106392860000039e+00 5.887814831058808818e-02 -9.982597431261507337e-01 3.293767634248201230e-03 -7.495149970050000166e-01 -2.269732255778032087e-02 1.959947262285025374e-03 9.997404613975757748e-01 7.790555953980000226e+00
-9.975264135913635144e-01 -6.739689847892371688e-02 -1.996778062213442825e-02 1.121916294100000044e+00 6.734312907673542514e-02 -9.977242377489128344e-01 3.353859643001162131e-03 -7.478830814360000190e-01 -2.014837843862849268e-02 2.000870753559424575e-03 9.997949986684876444e-01 7.791631221770000337e+00
-9.970755462910769751e-01 -7.418536037285813900e-02 -1.835448976952683969e-02 1.105873227120000024e+00 7.413280472911473740e-02 -9.972421362104781917e-01 3.528318205221859377e-03 -7.466672062870000071e-01 -1.856562014438081082e-02 2.157329995973470728e-03 9.998253165808230758e-01 7.793118476870000144e+00
-9.965321339905860443e-01 -8.106077084166750379e-02 -1.878449772347448588e-02 1.085860967639999952e+00 8.099623650235864003e-02 -9.967056737776390785e-01 4.172473117522592680e-03 -7.453218102459999717e-01 -1.906083934727267892e-02 2.636529919634585800e-03 9.998148494163107136e-01 7.795002460480000117e+00
-9.957090335725599095e-01 -9.029898809809713822e-02 -2.023890339069928795e-02 1.066324830059999895e+00 9.022398358690530973e-02 -9.959109183974389490e-01 4.590795408116517956e-03 -7.440313696860000325e-01 -2.057068904310668800e-02 2.745061971805629920e-03 9.997846325019514868e-01 7.796347618100000432e+00
-9.950508078894820807e-01 -9.708559327102614378e-02 -2.117256001767297072e-02 1.048430919649999904e+00 9.700550545543512593e-02 -9.952723672160485036e-01 4.779850154440219712e-03 -7.417943477630000171e-01 -2.153651851680367033e-02 2.702338871466503003e-03 9.997644101161030639e-01 7.796488761900000064e+00
-9.943314488100142290e-01 -1.040564995137329279e-01 -2.184524699623270963e-02 1.033020257950000076e+00 1.039782477653012766e-01 -9.945685087606078723e-01 4.690988526762332640e-03 -7.398355603220000409e-01 -2.221472257390428792e-02 2.392966913498256049e-03 9.997503587447795770e-01 7.796800136569999928e+00
-9.933201524040021768e-01 -1.133809411894407121e-01 -2.144381036772597185e-02 1.014604449269999931e+00 1.133077270341058401e-01 -9.935492802365256670e-01 4.602905152907424587e-03 -7.376359105109999703e-01 -2.182736407482505428e-02 2.142409036269746388e-03 9.997594592005952796e-01 7.797126770020000208e+00
-9.925177013396184744e-01 -1.203335934209046471e-01 -2.069876377787819438e-02 9.973664283750000026e-01 1.202676071723298573e-01 -9.927317208591268649e-01 4.408295035361635070e-03 -7.357693910600000553e-01 -2.107878536733417962e-02 1.885920064333276901e-03 9.997760389772046841e-01 7.797199249270000188e+00
-9.917320319262712403e-01 -1.269949581622674961e-01 -1.843522315441204276e-02 9.758099317549999707e-01 1.269413595042790666e-01 -9.919019396369679331e-01 4.053811987021279858e-03 -7.335866689679999553e-01 -1.880074728819111293e-02 1.680102908949861282e-03 9.998218387070871849e-01 7.797413349150000172e+00
-9.906320361802540830e-01 -1.357055291687834508e-01 -1.523739631251535762e-02 9.548969864849999878e-01 1.356635834790369810e-01 -9.907478322938534365e-01 3.758313805043518498e-03 -7.314993739130000172e-01 -1.560644133012271950e-02 1.655946270648521543e-03 9.998768408313889466e-01 7.797704219819999949e+00
-9.897077238036946500e-01 -1.423485199386688993e-01 -1.468061015693619860e-02 9.384582638739999982e-01 1.423019405247365199e-01 -9.898144894199192301e-01 4.175434980819214478e-03 -7.288427352909999657e-01 -1.512544763648044320e-02 2.043380937337731327e-03 9.998835159298012920e-01 7.797828197480000334e+00
-9.886644255687816463e-01 -1.493069560457569445e-01 -1.581412315311501657e-02 9.182539582249999999e-01 1.492522565662892653e-01 -9.887884940682553081e-01 4.591068296449324522e-03 -7.256935834879999492e-01 -1.632230144991955387e-02 2.178732333836497573e-03 9.998644086078850579e-01 7.798155307770000100e+00
-9.872100493807222099e-01 -1.584375517080790219e-01 -1.771611160669643234e-02 8.984787464140000512e-01 1.583708537576155873e-01 -9.873664495142197017e-01 5.115374254839415852e-03 -7.228783965110000542e-01 -1.830276158930881428e-02 2.244233150303179183e-03 9.998299717130764153e-01 7.798486232760000192e+00
-9.860491171030412172e-01 -1.654054742989511662e-01 -1.865925326084182448e-02 8.803492188449999478e-01 1.653290614846966433e-01 -9.862226937615785616e-01 5.576713928953774650e-03 -7.204986810679999687e-01 -1.932459802693510878e-02 2.413997016360857305e-03 9.998103482808641251e-01 7.799069881440000351e+00
-9.848314669835207535e-01 -1.724649137205227223e-01 -1.904823284348160922e-02 8.578449487689999708e-01 1.723841668147814976e-01 -9.850126314491862711e-01 5.815059511603611064e-03 -7.177311778070000203e-01 -1.976564369456305231e-02 2.443239841391525724e-03 9.998016552838955295e-01 7.799826622010000321e+00
-9.832001094671097841e-01 -1.815832733923652964e-01 -1.857577906782654359e-02 8.359900116920000457e-01 1.814976146078223218e-01 -9.833717654382784223e-01 6.211829881279747403e-03 -7.151574492450000209e-01 -1.939486105991929110e-02 2.736012228972876589e-03 9.998081583991748067e-01 7.800656795500000129e+00
-9.818525553202552825e-01 -1.887143143837670678e-01 -1.877410870719511266e-02 8.203236460689999898e-01 1.886196732819913069e-01 -9.820273140893132080e-01 6.706208580431045202e-03 -7.114073634149999936e-01 -1.970224510251818856e-02 3.043341780695112478e-03 9.998012600555802321e-01 7.800024032589999656e+00
-9.805399974340593960e-01 -1.955946119806434846e-01 -1.685411511045326050e-02 8.010456562040000339e-01 1.955105621098569557e-01 -9.806799609686747132e-01 6.514158269976313802e-03 -7.068885564800000409e-01 -1.780262720787736952e-02 3.092235214218680590e-03 9.998367389458527876e-01 7.799030303960000410e+00
-9.787714643894710465e-01 -2.044764746448456405e-01 -1.399256279979484499e-02 7.820771336559999565e-01 2.044069221068010589e-01 -9.788660672170653720e-01 6.247611209082820638e-03 -7.027540206910000142e-01 -1.497433443310786441e-02 3.254806877757879247e-03 9.998825808766117484e-01 7.798053741460000410e+00
-9.773722680978146338e-01 -2.110413504223608572e-01 -1.431775000618713996e-02 7.645513415339999508e-01 2.109703136182301819e-01 -9.774720389935228626e-01 6.319790951484443794e-03 -6.992362737659999494e-01 -1.532893750913556265e-02 3.156168207043679938e-03 9.998775236383152798e-01 7.797328948969999729e+00
-9.757776334814242114e-01 -2.182080834520996049e-01 -1.559622754235471566e-02 7.428080439569999527e-01 2.181292081650675063e-01 -9.758975004272530951e-01 6.611898753008108726e-03 -6.951770186419999886e-01 -1.666308922955187649e-02 3.049750153852981080e-03 9.998565099459657546e-01 7.796883106230000138e+00
-9.737642507418410309e-01 -2.269341179802468467e-01 -1.685497178011831007e-02 7.217671871190000088e-01 2.268512462663744012e-01 -9.739063643218953681e-01 6.701164130251827458e-03 -6.913441419600000470e-01 -1.793588705846273570e-02 2.701782714288360893e-03 9.998354886308001843e-01 7.796922206879999706e+00
-9.721159585807659376e-01 -2.338508197748334627e-01 -1.744583512581238116e-02 7.062191963199999645e-01 2.337633405830026878e-01 -9.722688702536141925e-01 6.924199248704495172e-03 -6.866836547850000416e-01 -1.858127207899825523e-02 2.652927891788399006e-03 9.998238336334692722e-01 7.796172142029999641e+00
-9.704542214177601656e-01 -2.406312908918475657e-01 -1.775347786131322228e-02 6.870169639590000266e-01 2.405431229224841150e-01 -9.706133788682741459e-01 6.976731083476114814e-03 -6.810654997830000168e-01 -1.891058294045446300e-02 2.500121124160432484e-03 9.998180530712660330e-01 7.795415878300000045e+00
-9.680211789900579067e-01 -2.501166462415766456e-01 -1.940773813623093355e-02 6.679450869559999671e-01 2.500210917834415070e-01 -9.682133058324726704e-01 7.242104139745323896e-03 -6.758140921590000127e-01 -2.060220109877644243e-02 2.158166309857455223e-03 9.997854227923435033e-01 7.794714450839999920e+00
-9.661951172939914345e-01 -2.570963672622307294e-01 -1.919513630622383948e-02 6.502249240880000336e-01 2.570037384136381053e-01 -9.663836766417842616e-01 7.188042968829815374e-03 -6.713035702709999608e-01 -2.039788613225975572e-02 2.011830229323894551e-03 9.997899173228662617e-01 7.794021129609999932e+00
-9.643667664559452124e-01 -2.639331650152343389e-01 -1.833096179544351639e-02 6.281085014339999884e-01 2.638473770471344571e-01 -9.645390828219011503e-01 6.994235800540326425e-03 -6.660027503969999652e-01 -1.952693986911986646e-02 1.908432374318482297e-03 9.998075097263576794e-01 7.793249130250000434e+00
-9.618168818909377249e-01 -2.730509245280080544e-01 -1.874775517212274104e-02 6.066054701809999727e-01 2.729580598898294630e-01 -9.619975111350013153e-01 7.395005831172739644e-03 -6.610157489779999729e-01 -2.005450699404215734e-02 1.995290571031727370e-03 9.997968971569989316e-01 7.792348861689999850e+00
-9.597842128399957096e-01 -2.801803716699983737e-01 -1.769813871488205848e-02 5.901300907140000218e-01 2.800880250986585440e-01 -9.599446481682879506e-01 7.547890393666862804e-03 -6.556771397589999939e-01 -1.910400427771300619e-02 2.287309319514688969e-03 9.998148854846249378e-01 7.790270805359999606e+00
-9.577924941402332637e-01 -2.869822990792941231e-01 -1.657402135251868566e-02 5.698056221010000533e-01 2.868901072156925802e-01 -9.579321795796046368e-01 7.746335110005833462e-03 -6.492810845380000417e-01 -1.809984945792526487e-02 2.664458862639281812e-03 9.998326340486041186e-01 7.787902832030000333e+00
-9.550293022646831886e-01 -2.961273327941332245e-01 -1.508756402025377384e-02 5.499166250229999831e-01 2.960420193261653066e-01 -9.551442339097933054e-01 7.656057873373629460e-03 -6.433678269389999649e-01 -1.667796777544990755e-02 2.845206689637326276e-03 9.998568648510517409e-01 7.785798549649999956e+00
-9.529865107843582539e-01 -3.027192007856959188e-01 -1.333400685178669741e-02 5.317096710209999744e-01 3.026490478603969247e-01 -9.530760237298754323e-01 7.046049988817446735e-03 -6.383106112480000371e-01 -1.484129685199866121e-02 2.679266115798053030e-03 9.998862722534155312e-01 7.784266948700000022e+00
-9.508339865514974232e-01 -3.094317364925461278e-01 -1.291241533541866680e-02 5.093321800229999585e-01 3.093604717582897901e-01 -9.509172590600363240e-01 7.243268270357322222e-03 -6.323129534720000056e-01 -1.451993567737912445e-02 2.892554745461727375e-03 9.998903962909982956e-01 7.782902240750000367e+00
-9.479331296677752094e-01 -3.181698657973621724e-01 -1.381007518971419552e-02 4.877799153330000248e-01 3.180915492044089632e-01 -9.480295599133102824e-01 7.597358443194577628e-03 -6.266222000119999747e-01 -1.550961002076014887e-02 2.808919554539770873e-03 9.998757732678296151e-01 7.781653404240000071e+00
-9.457005779570299975e-01 -3.247080318293653622e-01 -1.466666005739051225e-02 4.706136584280000146e-01 3.246198682327925411e-01 -9.458098476857998982e-01 8.103898388319883198e-03 -6.201953887940000465e-01 -1.650327241075644213e-02 2.902772134293889455e-03 9.998595981004896327e-01 7.779198169709999888e+00
-9.434666692530275789e-01 -3.311808400592111123e-01 -1.378024623415047625e-02 4.496169984339999925e-01 3.310998856927304113e-01 -9.435629945815722230e-01 7.857540996841150954e-03 -6.124183535580000060e-01 -1.560479743089999982e-02 2.850690079863933517e-03 9.998741740155154822e-01 7.776649951929999638e+00
-9.404084455483114890e-01 -3.397781163612508259e-01 -1.351988104270843670e-02 4.292910993099999795e-01 3.396991729120558134e-01 -9.405015421285254362e-01 7.830783915482787683e-03 -6.051647663120000020e-01 -1.537619797849622098e-02 2.771442921306451097e-03 9.998779383704095025e-01 7.774729251860000190e+00
-9.379131907604630891e-01 -3.465281899422860690e-01 -1.539675851762594555e-02 4.108479320999999795e-01 3.464336258596820706e-01 -9.380357957108292899e-01 8.519908383616577388e-03 -5.989659428600000446e-01 -1.739509905809750318e-02 2.656979577317544316e-03 9.998451635069725008e-01 7.772930622099999631e+00
-9.353564040946819036e-01 -3.533057908953624593e-01 -1.683494695176691869e-02 3.881108760829999893e-01 3.532042830184736748e-01 -9.355051881801429436e-01 8.762268281753518226e-03 -5.914497375489999875e-01 -1.884494034143770896e-02 2.249668383980983535e-03 9.998198873875683290e-01 7.771037578579999661e+00
-9.321960855072168872e-01 -3.616944103775990849e-01 -1.369714081924376138e-02 3.662294745449999889e-01 3.616268187627150743e-01 -9.322950277065242819e-01 7.212854168012649246e-03 -5.842707157140000218e-01 -1.537862531501597331e-02 1.770540960147754840e-03 9.998801743549716736e-01 7.769495964049999870e+00
-9.297571094120097301e-01 -3.679610104664438053e-01 -1.250648928909224925e-02 3.499658703799999881e-01 3.679013520232714551e-01 -9.298395225034404854e-01 6.859852040913787599e-03 -5.765340328219999977e-01 -1.415318611738886068e-02 1.776841886032476045e-03 9.998982599022957496e-01 7.766863822940000439e+00
-9.270616968525912105e-01 -3.747150581973635042e-01 -1.205136460906244128e-02 3.301772475240000171e-01 3.746531639973953443e-01 -9.271376713796525282e-01 7.123553569408393182e-03 -5.672397017479999803e-01 -1.384257691092621173e-02 2.088891778404601465e-03 9.999020049962911161e-01 7.763672351840000374e+00
-9.238050226089433714e-01 -3.826907404834857807e-01 -1.149249105683985799e-02 3.108593523500000066e-01 3.826344054582789256e-01 -9.238745034155044777e-01 6.842053664284482306e-03 -5.586326122279999806e-01 -1.323601005135782195e-02 1.923301057257423285e-03 9.999105504748732054e-01 7.760993003850000349e+00
-9.211256841235478943e-01 -3.890592102193066171e-01 -1.266510921606275181e-02 2.931887209419999918e-01 3.889942208774482268e-01 -9.212109147925210406e-01 7.344834312148272246e-03 -5.512681603429999688e-01 -1.452481228355243306e-02 1.838861238721567048e-03 9.998928184647951634e-01 7.759190559390000352e+00
-9.183582024236358610e-01 -3.954961114107561904e-01 -1.417878345273141175e-02 2.713948190209999889e-01 3.954172820752382411e-01 -9.184658101083402748e-01 8.107323742281152823e-03 -5.426304340359999756e-01 -1.622914284428397802e-02 1.838891242415366910e-03 9.998666078040304717e-01 7.757384777070000403e+00
-9.144995976668196525e-01 -4.042637697381020190e-01 -1.616447785621173347e-02 2.503842115400000123e-01 4.041632412777932948e-01 -9.146404926415231396e-01 9.211059673045120244e-03 -5.344897508620000126e-01 -1.850838369640632128e-02 1.890422601155178697e-03 9.998269180389852684e-01 7.755507469180000335e+00
-9.112560023130745757e-01 -4.114573988783287173e-01 -1.775689039988420995e-02 2.344177812340000056e-01 4.113375216873353390e-01 -9.114269866915868379e-01 1.011391034242254544e-02 -5.260959863659999680e-01 -2.034555235216104277e-02 1.912286216426820062e-03 9.997911790273564803e-01 7.752807617190000222e+00
-9.084662022531170278e-01 -4.175653253911377760e-01 -1.812066209584353021e-02 2.147702425720000030e-01 4.174382925955369972e-01 -9.086447913863971992e-01 1.048403363661154844e-02 -5.160931944850000175e-01 -2.084301414674447073e-02 1.960131976156842364e-03 9.997808393062523891e-01 7.749852657319999949e+00
-9.045793705307203503e-01 -4.260277353094814590e-01 -1.537956947772048735e-02 1.953916549680000114e-01 4.259244574967913088e-01 -9.047075335913403737e-01 9.624716574398098703e-03 -5.067967176440000276e-01 -1.801440857507161444e-02 2.155785274073312996e-03 9.998354032907327271e-01 7.747606277470000080e+00
-9.015546595801151586e-01 -4.324420089327473682e-01 -1.389621169932902904e-02 1.776006072759999943e-01 4.323458832528353502e-01 -9.016582266526445011e-01 9.459362765767255835e-03 -4.987717568869999840e-01 -1.662025943565876435e-02 2.520162657121322470e-03 9.998586978950942949e-01 7.745728492739999638e+00
-8.985177351384069366e-01 -4.387419264504213712e-01 -1.309204400852666955e-02 1.556026786570000042e-01 4.386471235626924758e-01 -8.986086223048249666e-01 9.552220139890859468e-03 -4.892415106299999872e-01 -1.595558309571051478e-02 2.840051759741805612e-03 9.998686681130070086e-01 7.743369579320000362e+00
-8.945328984997710231e-01 -4.468587381876460984e-01 -1.132084833142130847e-02 1.344890445470000029e-01 4.467836927689150528e-01 -8.946006410881844895e-01 8.603768963704152423e-03 -4.802508950230000018e-01 -1.397230751773047633e-02 2.638383966335425095e-03 9.998989016659013407e-01 7.741201877590000002e+00
-8.914472002526816485e-01 -4.529992877961283582e-01 -1.065525306390426551e-02 1.187367811800000006e-01 4.529273757489910568e-01 -8.915065258865659814e-01 8.538536103924103046e-03 -4.709285497669999931e-01 -1.336717841534262700e-02 2.785598295924025542e-03 9.999067751462364928e-01 7.737104892729999683e+00
-8.882443338983733172e-01 -4.592228484649934495e-01 -1.167813106332122458e-02 9.964086860420000302e-02 4.591433302958875529e-01 -8.883174031734345499e-01 8.921516911759894142e-03 -4.598103463650000111e-01 -1.447085146893552221e-02 2.562550858604080873e-03 9.998920080643012298e-01 7.732294082640000177e+00
-8.838516423275848410e-01 -4.675784835570060971e-01 -1.329045030697191022e-02 8.097106218339999995e-02 4.674889984120415565e-01 -8.839491188742607530e-01 9.380384060614383596e-03 -4.494764804840000183e-01 -1.613414759253434944e-02 2.077728555186213449e-03 9.998676774081226570e-01 7.728226661679999943e+00
-8.805506001469299848e-01 -4.737444702040327638e-01 -1.402916718773826454e-02 6.383603066210000176e-02 4.736417388765769010e-01 -8.806594282904015580e-01 1.012297175712141908e-02 -4.405907690529999865e-01 -1.715062024691191636e-02 2.268989714213121706e-03 9.998503427567662083e-01 7.725219249730000293e+00
-8.772332212813132024e-01 -4.798562235374970175e-01 -1.413789987027672980e-02 4.246724396939999951e-02 4.797502434476315081e-01 -8.773441546622282594e-01 1.034109239675298081e-02 -4.299702048299999801e-01 -1.736604135514537711e-02 2.288888890167815535e-03 9.998465790286524824e-01 7.722186088559999995e+00
-8.729691376888775167e-01 -4.876272646311054504e-01 -1.202228893029839811e-02 2.171262726189999992e-02 4.875390815411896894e-01 -8.730482524889544571e-01 9.612117142235015316e-03 -4.200204610819999740e-01 -1.518316873089613737e-02 2.529745909920885077e-03 9.998815288687556979e-01 7.719605445860000081e+00
-8.695801029624402601e-01 -4.936608375742586596e-01 -1.137637804021250643e-02 3.757152706380000214e-03 4.935715431383615459e-01 -8.696495447848341387e-01 9.838752946795198753e-03 -4.080143570900000016e-01 -1.475046900437210901e-02 2.940527335863123842e-03 9.998868820837378824e-01 7.714516639710000234e+00
-8.660470723379701807e-01 -4.998287357193039737e-01 -1.156302054277582973e-02 -1.131140161310000003e-02 4.997343275566319409e-01 -8.661189402798051828e-01 1.017758075909024930e-02 -3.979059457779999809e-01 -1.510199842243981593e-02 3.035825724425766144e-03 9.998813496639584741e-01 7.710023403170000122e+00
-8.614275657152455912e-01 -5.077331715280530844e-01 -1.223010858375764287e-02 -2.919243648649999870e-02 5.076356681919393932e-01 -8.615102583907526812e-01 1.030063429218634925e-02 -3.865528702739999822e-01 -1.576633772406240905e-02 2.664810980665283883e-03 9.998721525161142765e-01 7.705136299130000310e+00
-8.578408570802634747e-01 -5.137332046350976400e-01 -1.368423834751359390e-02 -4.576773941520000111e-02 5.136202960445562793e-01 -8.579465089729697569e-01 1.104442086285780007e-02 -3.766761720180000217e-01 -1.741423024141799947e-02 2.445852907754876571e-03 9.998453692389899228e-01 7.701548576349999564e+00
-8.540498260755710058e-01 -5.199851427994942599e-01 -1.464055491010704535e-02 -6.641989201310000146e-02 5.198687972440646510e-01 -8.541731343782749120e-01 1.116647475269074916e-02 -3.648730814460000027e-01 -1.831196964544822697e-02 1.925558148309755059e-03 9.998304676261476898e-01 7.698103427889999573e+00
-8.492061862416764306e-01 -5.279139458198042201e-01 -1.247874424097409479e-02 -8.643227070570000392e-02 5.278255297195105777e-01 -8.492960597549534807e-01 9.819015277925394886e-03 -3.537033498289999800e-01 -1.578174341398365724e-02 1.751768727589335037e-03 9.998739259932424295e-01 7.695248126980000158e+00
