-9.978506624649753354e-01 6.525955979899855652e-02 -5.936772949253421409e-03 1.187832713129999940e+00 -6.526056779188654788e-02 -9.978682566934519160e-01 -2.398023902334215913e-05 -7.809976935389999486e-01 -5.925682213098891656e-03 3.635084761242807520e-04 9.999823769206622748e-01 7.672029018399999956e+00
-9.978617456083830328e-01 6.507682948540924328e-02 -6.078068403517305346e-03 1.191697239879999870e+00 -6.507650976273821053e-02 -9.978802458672769715e-01 -2.505692787569168203e-04 -7.804697155950002241e-01 -6.081490647127920854e-03 1.455059799038740096e-04 9.999814969785786323e-01 7.673771858219999409e+00
-9.978647142671045467e-01 6.502361067600936906e-02 -6.159713896321337284e-03 1.195187568659999755e+00 -6.502232052157488895e-02 -9.978837256844003134e-01 -4.096928242498690622e-04 -7.800598740580002577e-01 -6.173317958711887002e-03 -8.299121719573842367e-06 9.999809448567034131e-01 7.675365924839999465e+00
-9.978655867613838160e-01 6.499083065341694498e-02 -6.361028874172481272e-03 1.197721719739999857e+00 -6.498924684454511491e-02 -9.978858603226762325e-01 -4.555904422423923041e-04 -7.798076272010003862e-01 -6.377189971920081864e-03 -4.121954828220880489e-05 9.999796646677425738e-01 7.676893711089998185e+00
-9.978728959154445910e-01 6.489574914173068532e-02 -6.182664527362718640e-03 1.202679395679999708e+00 -6.489365859304360717e-02 -9.978920398766277788e-01 -5.383542257901812594e-04 -7.791286706920003136e-01 -6.204568617869119299e-03 -1.359933692835678333e-04 9.999807422316041583e-01 7.678527355189997294e+00
-9.978573549392800723e-01 6.512918367097922379e-02 -6.236074721775237972e-03 1.207967877389999778e+00 -6.512910603771146500e-02 -9.978768225600477271e-01 -2.157410287482775012e-04 -7.785077691080003470e-01 -6.236885465698820824e-03 1.908711995149561065e-04 9.999805322244393890e-01 7.680454730989997536e+00
-9.978439514234220820e-01 6.533900103198120313e-02 -6.185753942255930830e-03 1.212024002735866191e+00 -6.534132543501938728e-02 -9.978629569449841696e-01 1.742050733713361639e-04 -7.781110356339349110e-01 -6.161152334284810371e-03 5.780148401727600981e-04 9.999808528670729446e-01 7.681768925627839195e+00
-9.978387514486363186e-01 6.537512169479510471e-02 -6.627184229916674614e-03 1.214655446699246966e+00 -6.538137411397500209e-02 -9.978600811523713476e-01 7.310003770147868903e-04 -7.779329982603414573e-01 -6.565213354870085873e-03 1.162714914967334775e-03 9.999777727867913413e-01 7.682915604180277747e+00
-9.978132839971394219e-01 6.573851142191947106e-02 -6.862827032224553050e-03 1.216920854202466318e+00 -6.574748455512544054e-02 -9.978356980552511857e-01 1.089936357374775506e-03 -7.778887444376710869e-01 -6.776323008653788518e-03 1.538766590405685501e-03 9.999758565304777136e-01 7.684279704056699245e+00
-9.977886492112572059e-01 6.610053532700621570e-02 -6.966400408994736712e-03 1.218450447237274581e+00 -6.611316455777488388e-02 -9.978108514232347792e-01 1.598203427655899489e-03 -7.778234464641933243e-01 -6.845507821324696429e-03 2.055240015860799931e-03 9.999744571793550696e-01 7.685549180311411988e+00
-9.977583532990741411e-01 6.655410471053992139e-02 -6.987100120851461212e-03 1.222622256631099358e+00 -6.656627603857444286e-02 -9.977808420495559716e-01 1.523854729237263724e-03 -7.770877231584907285e-01 -6.870175854854414753e-03 1.985544020664533563e-03 9.999744288223902933e-01 7.687498406633929804e+00
-9.977428214440190457e-01 6.675978008206179259e-02 -7.238371386111660394e-03 1.227088711593336212e+00 -6.677262357457097730e-02 -9.977670183717549657e-01 1.547187935185490894e-03 -7.762680034100423176e-01 -7.118918309489455018e-03 2.027020703613896784e-03 9.999726057193617512e-01 7.689480394501634564e+00
-9.977289091414227595e-01 6.692045205761393278e-02 -7.660088763926964882e-03 1.230431598289244421e+00 -6.693395078031216805e-02 -9.977562517144296095e-01 1.519341209371215685e-03 -7.755810638679546676e-01 -7.541226452334703380e-03 2.028610651737062457e-03 9.999695068562932665e-01 7.691269341575236673e+00
-9.977122960261796125e-01 6.714357699759965215e-02 -7.868572051939668605e-03 1.232816016425202665e+00 -6.715757208709913217e-02 -9.977412121198537820e-01 1.527792188489734276e-03 -7.750598429783147614e-01 -7.748217184310498239e-03 2.052731247029626269e-03 9.999678751964446999e-01 7.692921392191230723e+00
-9.976937688651164038e-01 6.740255224670596568e-02 -8.002469515707009984e-03 1.234258138829757545e+00 -6.741857525388084138e-02 -9.977232459149074639e-01 1.749363243529158301e-03 -7.747799614487209663e-01 -7.866338313125855602e-03 2.284843900812291023e-03 9.999664495421296539e-01 7.694288968511648896e+00
-9.976667144270066068e-01 6.781444904380391769e-02 -7.894772023773952846e-03 1.235335914106198585e+00 -6.783202721305818528e-02 -9.976947904590376393e-01 1.980195713688502959e-03 -7.745313967918735498e-01 -7.742287038658336555e-03 2.511093742355575281e-03 9.999668751511864295e-01 7.695539143514661617e+00
-9.976488943627109807e-01 6.806018351220603779e-02 -8.030877731940595440e-03 1.238713930863368784e+00 -6.808049721876509308e-02 -9.976772181870544598e-01 2.283464251176954909e-03 -7.739645407990637382e-01 -7.856810759224187521e-03 2.824841734597088698e-03 9.999651447894913892e-01 7.697554113958450905e+00
-9.976493499961373024e-01 6.806009132325145650e-02 -7.974861839267561453e-03 1.242287016089226093e+00 -6.808328475807999547e-02 -9.976760589118623956e-01 2.673538973739305810e-03 -7.733986626654211216e-01 -7.774367423458099224e-03 3.210209208849556899e-03 9.999646262583494760e-01 7.699945754958910982e+00
-9.976358096899721195e-01 6.822655841168723256e-02 -8.241841513296217780e-03 1.244930257318060729e+00 -6.825366540143240623e-02 -9.976633269874556342e-01 3.053382319714939303e-03 -7.730080841499592514e-01 -8.014261257469186550e-03 3.608699435762014514e-03 9.999613737064443342e-01 7.702279269475137191e+00
-9.976153149995012903e-01 6.847490158054538034e-02 -8.652810640493559594e-03 1.246574638230655063e+00 -6.850551681623522071e-02 -9.976453047755393655e-01 3.292419332575007018e-03 -7.727749165908089912e-01 -8.406987818840269341e-03 3.877333214417294852e-03 9.999571435031393563e-01 7.704053719641023257e+00
-9.975983468572126034e-01 6.865637538216552704e-02 -9.156444022634041904e-03 1.247921077162863046e+00 -6.869026354225420128e-02 -9.976321070627663934e-01 3.438989968068663795e-03 -7.726511293905360400e-01 -8.898653957319450566e-03 4.059689260028468381e-03 9.999521652963505591e-01 7.705687559331330760e+00
-9.975872876741104234e-01 6.877791018774799536e-02 -9.444709694734725394e-03 1.248697712600784326e+00 -6.881664610860720177e-02 -9.976219376231635350e-01 3.839113356943647717e-03 -7.725846815187256134e-01 -9.158203392285081332e-03 4.479803925487953718e-03 9.999480279831620688e-01 7.707288525258735312e+00
-9.975640114391959301e-01 6.909077199242046052e-02 -9.618123872754350684e-03 1.251940593752225661e+00 -6.913201853893786997e-02 -9.975994054024546198e-01 4.023723822702971603e-03 -7.714187676845173369e-01 -9.317032471352050538e-03 4.678842395380085339e-03 9.999456491928785384e-01 7.709240279030491472e+00
-9.975478422095418463e-01 6.932326260871617130e-02 -9.622253601433731693e-03 1.255283270222278036e+00 -6.936257602747007700e-02 -9.975842270595367545e-01 3.813524466992034446e-03 -7.700613992109546224e-01 -9.334642463467058768e-03 4.471597400246241430e-03 9.999464331986837040e-01 7.711590468655276531e+00
-9.975347266631184873e-01 6.953478316314676277e-02 -9.454259970600004462e-03 1.257678274332179047e+00 -6.957405366705382566e-02 -9.975692054487954596e-01 3.889909586731770362e-03 -7.691071701906965208e-01 -9.160794587340157294e-03 4.538091086921523971e-03 9.999477414204280823e-01 7.713904857294672901e+00
-9.975126053049663266e-01 6.982712165715272701e-02 -9.631995575982115268e-03 1.259093846050942433e+00 -6.986985750737458034e-02 -9.975473839590958125e-01 4.173699589522280283e-03 -7.685199145817934729e-01 -9.316934560128562262e-03 4.836304109710170239e-03 9.999449009285265033e-01 7.715570038138079845e+00
-9.974840443040943194e-01 7.022034255153933313e-02 -9.730614096356312095e-03 1.260119469294343819e+00 -7.026888188996893714e-02 -9.975168291762405159e-01 4.739171669470137668e-03 -7.680425927017356935e-01 -9.373665061294231618e-03 5.411007496168187061e-03 9.999414259851401310e-01 7.717298674880328946e+00
-9.974774058970319324e-01 7.028664876971860154e-02 -9.930343883786781067e-03 1.260682801722498469e+00 -7.034144006865170051e-02 -9.975089990056118516e-01 5.280029535009795466e-03 -7.677319522064699475e-01 -9.534491805876676995e-03 5.965224852803771918e-03 9.999367527791241939e-01 7.718898784763195131e+00
-9.974537981636174555e-01 7.056672559607733708e-02 -1.030814084215419049e-02 1.263608922292260628e+00 -7.062686300985772381e-02 -9.974871368396688309e-01 5.590890875943158554e-03 -7.671538363834690122e-01 -9.887707032500143989e-03 6.304686990472960044e-03 9.999312397218079740e-01 7.720912095685887877e+00
-9.974315056259479562e-01 7.085760010532302089e-02 -1.046862417268843576e-02 1.266663463382067700e+00 -7.092003822418899150e-02 -9.974656140541662275e-01 5.718125376798038201e-03 -7.665883144633447444e-01 -1.003691999741170363e-02 6.445873630419339528e-03 9.999288529441014983e-01 7.723165378124896563e+00
-9.974242471718424152e-01 7.092564595125000482e-02 -1.069691077281063017e-02 1.268941225329224709e+00 -7.099269454890758113e-02 -9.974586463009380566e-01 6.023806121207245234e-03 -7.661717098197254883e-01 -1.024248379881789218e-02 6.767692804665336598e-03 9.999246420904591703e-01 7.725032132199671331e+00
-9.974014268951050255e-01 7.117722325329839395e-02 -1.114434913123757420e-02 1.270341705847294556e+00 -7.124910997942557334e-02 -9.974393355177426645e-01 6.191630565839184586e-03 -7.659218759400054921e-01 -1.067510912115265595e-02 6.969566118076008995e-03 9.999187302943061129e-01 7.726569598995652655e+00
-9.973873285264628352e-01 7.132452523714422066e-02 -1.145988632325835310e-02 1.271443614743097195e+00 -7.140152773407731912e-02 -9.974267579058434530e-01 6.456349640317137102e-03 -7.657069887082968984e-01 -1.096990118851646698e-02 7.257734710928202652e-03 9.999134895353597452e-01 7.728166496942333374e+00
-9.973543246172904553e-01 7.170755006229753703e-02 -1.193224334529625896e-02 1.272011409557753492e+00 -7.179043925560127382e-02 -9.973974408578258899e-01 6.669167995153281112e-03 -7.655298178260837583e-01 -1.142295927840498646e-02 7.508144532628893697e-03 9.999065675186862290e-01 7.729723187354749392e+00
-9.973382285653016321e-01 7.185985233615484191e-02 -1.235392506260491255e-02 1.274889778330345003e+00 -7.194642250124082261e-02 -9.973859176201596011e-01 6.711454556600407635e-03 -7.650950933182083524e-01 -1.183934675137876882e-02 7.582410910679212961e-03 9.999011635723213942e-01 7.731188815907232836e+00
-9.973262250399527185e-01 7.203489139080386516e-02 -1.230346576671164510e-02 1.277921386616407196e+00 -7.211995571704611641e-02 -9.973740257086530780e-01 6.615499156239961452e-03 -7.646992529737601796e-01 -1.179461041869809407e-02 7.485136206509230596e-03 9.999024251900987537e-01 7.732939396713383928e+00
-9.972894408533248267e-01 7.251475672900968561e-02 -1.246520031911826573e-02 1.280132565740385475e+00 -7.260775438037543605e-02 -9.973347522407411958e-01 7.176766454241669674e-03 -7.644514713027089625e-01 -1.191155599836877035e-02 8.062383607358288018e-03 9.998965510512903831e-01 7.734643983627512043e+00
-9.972570804143471301e-01 7.290887369511006577e-02 -1.275192926436427218e-02 1.281545306672898343e+00 -7.301035634356425885e-02 -9.973015977310787372e-01 7.681863681683020507e-03 -7.643302103905058598e-01 -1.215744340059330547e-02 8.591815846995375788e-03 9.998891824949468488e-01 7.735611251633605079e+00
-9.972434294988408165e-01 7.301416909732288962e-02 -1.320883917754232806e-02 1.282706371012554580e+00 -7.312430570535385921e-02 -9.972902967619285963e-01 8.056047393996311479e-03 -7.642928034742177967e-01 -1.258484153657048188e-02 8.999727525425538915e-03 9.998803061706773576e-01 7.736885839243712759e+00
-9.972251203973158118e-01 7.318042792982744349e-02 -1.366324326674354592e-02 1.283309919345634986e+00 -7.330031673435018214e-02 -9.972737791186861989e-01 8.489584735303857405e-03 -7.644861110986106434e-01 -1.300472280376721232e-02 9.467547218857383373e-03 9.998706129967296352e-01 7.738014924975153086e+00
-9.972051723995484229e-01 7.344119000006814335e-02 -1.371990346032359899e-02 1.286632161533031393e+00 -7.356616746028034337e-02 -9.972511810593734927e-01 8.837470276649326759e-03 -7.643416548169829072e-01 -1.303315559612093673e-02 9.822091786303022501e-03 9.998668228159932614e-01 7.739735275839186635e+00
-9.971887047497203227e-01 7.366141918689993184e-02 -1.373617279109490275e-02 1.290231911953668931e+00 -7.379341598928888801e-02 -9.972295940774220657e-01 9.363143318975154436e-03 -7.642731072937437586e-01 -1.300841559171484960e-02 1.035045987150884882e-02 9.998618150045743835e-01 7.741894225976184707e+00
-9.971704876070809354e-01 7.384739473839692370e-02 -1.405634859443863002e-02 1.292947833892438281e+00 -7.398666460967188996e-02 -9.972124486829353485e-01 9.659485064968120066e-03 -7.642703025180523912e-01 -1.330383799483873114e-02 1.067213578136093702e-02 9.998545461278213198e-01 7.743940587010152754e+00
-9.971483615107776810e-01 7.406212185454010000e-02 -1.448955633464771992e-02 1.294589646895216051e+00 -7.420715188817521291e-02 -9.971952729672859395e-01 9.740953769805962142e-03 -7.643512079599154019e-01 -1.372748137922508854e-02 1.078840479883172096e-02 9.998475716712421635e-01 7.745247909641271633e+00
-9.971267311501234021e-01 7.431928105731851197e-02 -1.466037137976465218e-02 1.295861516312847073e+00 -7.446662069127159278e-02 -9.971756117126012731e-01 9.773525895070129046e-03 -7.645294386213965510e-01 -1.389260338063403460e-02 1.083715224229247175e-02 9.998447638021543682e-01 7.746362456319244139e+00
-9.970926161457907000e-01 7.474168964217496602e-02 -1.483221685978816651e-02 1.296685688584019225e+00 -7.489519006058463491e-02 -9.971404857018599799e-01 1.007781127268864152e-02 -7.647341662897068071e-01 -1.403657128118878175e-02 1.115937290764229886e-02 9.998392086045518878e-01 7.747086582269208321e+00
-9.970791910051790552e-01 7.487147979802158404e-02 -1.507807604809179199e-02 1.299795188384654798e+00 -7.503280292637121152e-02 -9.971264860453297185e-01 1.043308736209642464e-02 -7.643806620545742225e-01 -1.425360829649582363e-02 1.153396461531077007e-02 9.998318870244051748e-01 7.748187359723475609e+00
-9.970567474618597936e-01 7.510353452441384525e-02 -1.540459161151635364e-02 1.303204508406626827e+00 -7.526760542937119269e-02 -9.971095298601829748e-01 1.036209606853929696e-02 -7.640019363815045983e-01 -1.458183505961835325e-02 1.149106452620132779e-02 9.998276479085528301e-01 7.749706424988686670e+00
-9.970252796157667019e-01 7.490029617978229137e-02 -1.818068863611891489e-02 1.305834707598824362e+00 -7.510733707902640666e-02 -9.971149508727671362e-01 1.098465579328266988e-02 -7.638264068927432815e-01 -1.730548248388695531e-02 1.231748262350241228e-02 9.997743744954757927e-01 7.751385854160971256e+00
-9.967193737776436357e-01 7.238521160236589813e-02 -3.620595362068045747e-02 1.307375808164595199e+00 -7.293559008663415277e-02 -9.972367355884854678e-01 1.411711342788194920e-02 -7.637789070865889096e-01 -3.508403675486364975e-02 1.671150304736009756e-02 9.992446327255810612e-01 7.753626275167327719e+00
-9.960569203058687870e-01 6.799790691975581003e-02 -5.698154232135645147e-02 1.307535806508796083e+00 -6.903705824689794490e-02 -9.974781530833515264e-01 1.646871913782268007e-02 -7.637101257631240259e-01 -5.571800516352619359e-02 2.033761972203954396e-02 9.982393926932753292e-01 7.757059708935162945e+00
-9.954379833812967426e-01 6.032575727344660632e-02 -7.391903848916250852e-02 1.305274977151078986e+00 -6.175523244448596905e-02 -9.979430102417243820e-01 1.720580063272741239e-02 -7.635094686688380650e-01 -7.272903483138348779e-02 2.169219488827395237e-02 9.971158088072942238e-01 7.760386699602213945e+00
-9.954998717533762864e-01 5.403270991060720591e-02 -7.784903081431275573e-02 1.304058226581376045e+00 -5.547225740521761345e-02 -9.983247485025263934e-01 1.644764985451936321e-02 -7.628672270669524247e-01 -7.682990301556370805e-02 2.069209479689673378e-02 9.968294754949491576e-01 7.762893404426957744e+00
-9.960189609543838030e-01 4.749923559721700578e-02 -7.543243358814558097e-02 1.299590536317987821e+00 -4.878651586351615693e-02 -9.986918179725704503e-01 1.531432612103046827e-02 -7.619648858373369027e-01 -7.460633544980485587e-02 1.893344480865703783e-02 9.970333090616525507e-01 7.765209631939803181e+00
-9.971340117460836261e-01 3.844845908281623731e-02 -6.515733737130847969e-02 1.292237787620645451e+00 -3.945495566568032325e-02 -9.991200054682647380e-01 1.423099246413169795e-02 -7.612306695232906595e-01 -6.455283953925426699e-02 1.676098646416667240e-02 9.977735215168658245e-01 7.767157248560457639e+00
-9.978575328600612915e-01 3.181147770748286169e-02 -5.716969477352707579e-02 1.283515393737901800e+00 -3.265526808130373576e-02 -9.993702069927637988e-01 1.388606646170915254e-02 -7.607769241849511310e-01 -5.669195340584157888e-02 1.572320772956777024e-02 9.982679014962482222e-01 7.768841243268324703e+00
-9.983928778256671022e-01 2.483724904187116847e-02 -5.093891014749580420e-02 1.270892370152079787e+00 -2.558270668505292431e-02 -9.995741835981043488e-01 1.403483533390630436e-02 -7.603517832584154590e-01 -5.056863282361042516e-02 1.531543483598772279e-02 9.986031498198548739e-01 7.771087339935397686e+00
-9.988959354221539355e-01 1.576956190353035261e-02 -4.425190520724429227e-02 1.257464027194774125e+00 -1.641995085161329290e-02 -9.997618783094711636e-01 1.437260912809130119e-02 -7.600346398223369881e-01 -4.401471811940654150e-02 1.508335494805494899e-02 9.989170120647561379e-01 7.773522955608195062e+00
-9.990607667210201770e-01 9.304938180928633631e-03 -4.232023776229229539e-02 1.247060434923200622e+00 -9.936340438716132969e-03 -9.998420792369425714e-01 1.473382929973745918e-02 -7.587560576699963200e-01 -4.217645714724968520e-02 1.514049908678588054e-02 9.989954513159254867e-01 7.775909420257253402e+00
-9.990942576928206753e-01 2.437982043288790084e-03 -4.248200193950391057e-02 1.233421784090489970e+00 -3.083830879478829251e-03 -9.998805677015148996e-01 1.514398626527903649e-02 -7.572835102187951417e-01 -4.244000744978947137e-02 1.526127702562235511e-02 9.989824518935299658e-01 7.778719521124516589e+00
-9.989540454586625096e-01 -7.407992895959916897e-03 -4.512135528799735701e-02 1.219101190583573802e+00 6.715719110193386736e-03 -9.998577046993328832e-01 1.547480113651310274e-02 -7.560958351401995126e-01 -4.522957194806582343e-02 1.515559285000264364e-02 9.988616489918709096e-01 7.780889549286201579e+00
-9.988731863900838226e-01 -1.373743562470847168e-02 -4.542730867416848450e-02 1.205162969519352423e+00 1.303186894571515056e-02 -9.997903753623250678e-01 1.579163464126825261e-02 -7.552158595627260773e-01 -4.563472255534044286e-02 1.518183767923333115e-02 9.988428224210147421e-01 7.782493623544315398e+00
-9.987882871884682379e-01 -2.085020278043686615e-02 -4.457831781416801697e-02 1.187040078908284446e+00 2.015127454616997410e-02 -9.996677691539729294e-01 1.607101269007295274e-02 -7.543727982386685404e-01 -4.489859139540113009e-02 1.515322931702237953e-02 9.988766170713853088e-01 7.784702362255277563e+00
-9.986585640185114965e-01 -3.007662600646784229e-02 -4.214818003842825400e-02 1.168816704324170841e+00 2.939242252620776624e-02 -9.994274272538201664e-01 1.676016559736227471e-02 -7.536815446517612926e-01 -4.262813637171550263e-02 1.549884579177410529e-02 9.989707842417601125e-01 7.786839261469560292e+00
-9.984961847672088053e-01 -3.692338032317583202e-02 -4.052200625386747496e-02 1.155131529775474508e+00 3.625037723519127647e-02 -9.991943741856231798e-01 1.721954546750169984e-02 -7.521920900839135227e-01 -4.112516450586780475e-02 1.572471243969645466e-02 9.990302569307168978e-01 7.787692827717850541e+00
-9.982816118291386598e-01 -4.403975665795228228e-02 -3.865647833579249210e-02 1.137935473830183009e+00 4.338946599763161133e-02 -9.989048918487906104e-01 1.750346482832860692e-02 -7.504674306708534193e-01 -3.938499364298053002e-02 1.579610312907946471e-02 9.990992470228761135e-01 7.788427929635210134e+00
-9.979724173847196456e-01 -5.226574150859646106e-02 -3.632280831454860054e-02 1.120707848096352377e+00 5.164348702682258763e-02 -9.985057977129802032e-01 1.786399119109648506e-02 -7.490810926732595076e-01 -3.720220943719971390e-02 1.595193399314774260e-02 9.991804298598272460e-01 7.789206276058464162e+00
-9.976565069377510975e-01 -5.882199252961449465e-02 -3.494949727265802414e-02 1.104626045251048350e+00 5.820827843903840504e-02 -9.981362350058698985e-01 1.832628411518898159e-02 -7.480908959772542000e-01 -3.596234817039802717e-02 1.624898652695693640e-02 9.992210365834569563e-01 7.790416815600649691e+00
-9.972183621095218609e-01 -6.547120998526935465e-02 -3.562385345056979374e-02 1.084566980529013236e+00 6.481674740399366585e-02 -9.977119292114826621e-01 1.922746902399033106e-02 -7.470310364049704832e-01 -3.680118921407004445e-02 1.686496285695273170e-02 9.991802867852547232e-01 7.791953251218886933e+00
-9.965239796329400379e-01 -7.448094714830129359e-02 -3.731683974319720265e-02 1.064993203365466101e+00 7.377750150053034861e-02 -9.970764063400338051e-01 1.988768946818003647e-02 -7.460313100547578680e-01 -3.868899441529537186e-02 1.706541625438609544e-02 9.991055666340757924e-01 7.792954826070173979e+00
-9.959680164404686176e-01 -8.103541081440820970e-02 -3.848340449828271254e-02 1.047066165040886121e+00 8.029836948963345322e-02 -9.965635474399067162e-01 2.032898844741430622e-02 -7.440820204833584750e-01 -3.999852603465105932e-02 1.715686766659030305e-02 9.990524309599204678e-01 7.792760441160170970e+00
-9.953618508803822040e-01 -8.777111634731464551e-02 -3.938295249376509016e-02 1.031622807946328102e+00 8.701599911767034234e-02 -9.959960060725675524e-01 2.049809222946883877e-02 -7.423718455709497066e-01 -4.102440382910638866e-02 1.697607206159216717e-02 9.990139194564940928e-01 7.792778326207054462e+00
-9.945248644125662674e-01 -9.686633005063331747e-02 -3.920724636707070831e-02 1.013170532220032394e+00 9.611218357488003627e-02 -9.951555005713464963e-01 2.068762555396537819e-02 -7.404744845914228435e-01 -4.102124124932068905e-02 1.680606393877791607e-02 9.990169237711894468e-01 7.792751871071570413e+00
-9.938678163970228185e-01 -1.035872558425789819e-01 -3.868389790620552215e-02 9.959052780570519792e-01 1.028423623214484300e-01 -9.944806138632592551e-01 2.077876710247676673e-02 -7.388989231854706796e-01 -4.062280200032454547e-02 1.667300444308496971e-02 9.990354342466953863e-01 7.792492800766720684e+00
-9.932540541658180233e-01 -1.100182077621196797e-01 -3.663847491336330586e-02 9.743146588218593029e-01 1.093127063899047291e-01 -9.937910510002850861e-01 2.073835030717666172e-02 -7.370832950899198766e-01 -3.869258462393748710e-02 1.659339966853578402e-02 9.991133784423866793e-01 7.792289535725004157e+00
-9.923826647262758982e-01 -1.185063608164237531e-01 -3.365841940470825494e-02 9.533672332096518875e-01 1.178531981766583331e-01 -9.928136825582087877e-01 2.077535570673835069e-02 -7.353558745933165275e-01 -3.587855111774935352e-02 1.665035048447308791e-02 9.992174415003149957e-01 7.792170940159127923e+00
-9.916055258864288069e-01 -1.249309797295282271e-01 -3.332763620960048356e-02 9.368853955909266507e-01 1.242608912299844187e-01 -9.920170573052981000e-01 2.147996569055168198e-02 -7.329882874384867630e-01 -3.574509675786663454e-02 1.715833089660829397e-02 9.992136306809537016e-01 7.791951258380763967e+00
-9.906868600229717936e-01 -1.316682901174176246e-01 -3.468438777578290722e-02 9.166262383152942173e-01 1.309530324699113846e-01 -9.911410134956036844e-01 2.215388575041367727e-02 -7.301963368953748867e-01 -3.729408350877758127e-02 1.740553775278387907e-02 9.991527403709490329e-01 7.791852852972483312e+00
-9.893843162179233319e-01 -1.405836395427489671e-01 -3.680917161397274234e-02 8.968012508092700896e-01 1.398059934634983958e-01 -9.899135333423817462e-01 2.292336574950948336e-02 -7.277353775319472806e-01 -3.966054731942949413e-02 1.753387574143194100e-02 9.990593596918090347e-01 7.791767175484580754e+00
-9.883574688500406102e-01 -1.473350959586276487e-01 -3.797213803834143669e-02 8.786238626579273570e-01 1.465112956634566088e-01 -9.889262628398381993e-01 2.364924752812009451e-02 -7.256797343952772206e-01 -4.103600871620038254e-02 1.781056328399182459e-02 9.989989138253108081e-01 7.791968054892535633e+00
-9.872898650077734928e-01 -1.541773622049124881e-01 -3.857542529211782645e-02 8.560623033157664930e-01 1.533254258104045087e-01 -9.878802647937765524e-01 2.416394485666854136e-02 -7.233192861786855721e-01 -4.183343463057602463e-02 1.794222434686414819e-02 9.989634829824842743e-01 7.792247744918133989e+00
-9.858665132872475034e-01 -1.630916294375306663e-01 -3.831890377159788419e-02 8.341513785119121227e-01 1.622206694171175190e-01 -9.864414259137415097e-01 2.485493220926492802e-02 -7.211443118256174456e-01 -4.185298546947484322e-02 1.828752713398019980e-02 9.989564024313654089e-01 7.792611616017987686e+00
-9.846800744872628020e-01 -1.700146557909274769e-01 -3.873199870973709213e-02 8.184327590381812456e-01 1.691072865505884038e-01 -9.852642832513336391e-01 2.563235815786752900e-02 -7.177078508954244374e-01 -4.251913149696030791e-02 1.868980913568866684e-02 9.989208249361988257e-01 7.791604500045784754e+00
-9.835716719416673914e-01 -1.766826813768023197e-01 -3.701346046205795937e-02 7.990957767717989935e-01 1.758057072765809581e-01 -9.840876068926076581e-01 2.576694101676922297e-02 -7.135841727087983699e-01 -4.097705995864146800e-02 1.883645566140016922e-02 9.989825166114080224e-01 7.790146967547455503e+00
-9.820695549328213314e-01 -1.853629674453343978e-01 -3.435053964510887542e-02 7.800744867995047516e-01 1.845373932750370705e-01 -9.824855466990380926e-01 2.584765000433223575e-02 -7.098433467981299927e-01 -3.854010582892320597e-02 1.904523109211468668e-02 9.990755423967414561e-01 7.788715305067366756e+00
-9.808310197021848920e-01 -1.917137713547672206e-01 -3.487607579565479149e-02 7.625016613336035309e-01 1.908670164532117186e-01 -9.812660603618982291e-01 2.620497685724994946e-02 -7.066904055248407479e-01 -3.924656443845291748e-02 1.904596163945591891e-02 9.990480261353840152e-01 7.787571616491907989e+00
-9.793917968038168276e-01 -1.986703372992902061e-01 -3.635664218237744105e-02 7.406960861040059463e-01 1.977762114381222680e-01 -9.798817632872336425e-01 2.676378460317274666e-02 -7.030802393845996257e-01 -4.094238076338890808e-02 1.902175214032964662e-02 9.989804274373635939e-01 7.786606781387489740e+00
-9.775697395782102506e-01 -2.071900175381860276e-01 -3.781138576561811349e-02 7.195864812601846516e-01 2.062579810455464624e-01 -9.781217106616585388e-01 2.712129029610422723e-02 -6.996777159166090998e-01 -4.260339793966234911e-02 1.871405260323694489e-02 9.989167806775287595e-01 7.786140362707608453e+00
-9.760924002985185144e-01 -2.139012726262700670e-01 -3.859885553146520654e-02 7.039663787133423334e-01 2.129364979302023064e-01 -9.766753549182018990e-01 2.762786536498082132e-02 -6.953561180477442205e-01 -4.360818648714682999e-02 1.874824429824441599e-02 9.988727793903664498e-01 7.784974625104506885e+00
-9.746086086958336558e-01 -2.204754340559930137e-01 -3.909786226628209765e-02 6.846732970570036381e-01 2.194901995581453047e-01 -9.752136500896380067e-01 2.797121693403863477e-02 -6.901580004948109082e-01 -4.429573516600939648e-02 1.867939122848959535e-02 9.988438157136659834e-01 7.783702657255314072e+00
-9.723843222747297066e-01 -2.297656634278926191e-01 -4.094471521277134179e-02 6.655159155269019244e-01 2.287283581062862781e-01 -9.730730296859024797e-01 2.849942272926062406e-02 -6.853276231532789975e-01 -4.639038685241839849e-02 1.834717437206645138e-02 9.987548814400077912e-01 7.782491062198729992e+00
-9.707586262688336909e-01 -2.365449277063128575e-01 -4.091682662501863049e-02 6.477240368915966329e-01 2.355012627946448389e-01 -9.714486938158797269e-01 2.875048704889076462e-02 -6.812137009808966193e-01 -4.654937966046631542e-02 1.827381897239965802e-02 9.987488286818611005e-01 7.781327286840387991e+00
-9.691455966822849488e-01 -2.431833213829593943e-01 -4.023287999249325342e-02 6.255220725458410236e-01 2.421509060071142527e-01 -9.698087551984185817e-01 2.887762213942880046e-02 -6.764115080035359995e-01 -4.604075532907561663e-02 1.824419199762454535e-02 9.987729463231781457e-01 7.779969882274023085e+00
-9.668334614438395258e-01 -2.521214154238938798e-01 -4.083931582649357600e-02 6.039418055623714254e-01 2.510518012993224746e-01 -9.675218349926376638e-01 2.957180881929608735e-02 -6.719182102683183277e-01 -4.696861608445864616e-02 1.833823047984235038e-02 9.987280202367303517e-01 7.778499041668929692e+00
-9.650317992081717255e-01 -2.590672090981392395e-01 -3.997258669563342331e-02 5.874041938388343542e-01 2.579959861657013520e-01 -9.656784622573263421e-01 3.005293088390814660e-02 -6.669943766050953071e-01 -4.638639498200030492e-02 1.868926703824277252e-02 9.987487239832385510e-01 7.775945523385476399e+00
-9.632688497886153778e-01 -2.656873403076485674e-01 -3.903024759293281104e-02 5.670018528223256249e-01 2.646138132883151806e-01 -9.638694011673071271e-01 3.058279435227389750e-02 -6.611113647089361667e-01 -4.574552266544330142e-02 1.913151048988360678e-02 9.987699096701105894e-01 7.772989936039749637e+00
-9.608004951124665682e-01 -2.746630683497553460e-01 -3.771746911361561344e-02 5.470386524471410050e-01 2.736087883062534032e-01 -9.613467111912133989e-01 3.083393979726554990e-02 -6.557007954385595250e-01 -4.472850940085913024e-02 1.930543360132582625e-02 9.988126254109135349e-01 7.770313521369656584e+00
-9.590089895528177699e-01 -2.810638032328743319e-01 -3.612335074651649991e-02 5.287620749587638169e-01 2.800551670396908555e-01 -9.594969209067052418e-01 3.057388076320761983e-02 -6.510994952790135626e-01 -4.325345502101106410e-02 1.920409547008304629e-02 9.988795429609725884e-01 7.768261898061301629e+00
-9.570795754072157768e-01 -2.875962411569534805e-01 -3.587601442099081633e-02 5.062912617463735110e-01 2.865732845804476181e-01 -9.575537157178076741e-01 3.109073945395686434e-02 -6.456559912374070231e-01 -4.329479071571359222e-02 1.947520442541056385e-02 9.988725031301397550e-01 7.766257590880439210e+00
-9.544221224961015881e-01 -2.961641997384432123e-01 -3.694832720603306864e-02 4.846486171455115510e-01 2.950964765981559657e-01 -9.549403148347419545e-01 3.173428119050746010e-02 -6.405032172729917539e-01 -4.468200520780764295e-02 1.938457883503609883e-02 9.988131739789968266e-01 7.764389641204606285e+00
-9.523849493086352647e-01 -3.025233911307630419e-01 -3.798033898126354502e-02 4.673994055805851811e-01 3.014028880667888877e-01 -9.529417320260523683e-01 3.253235970823772222e-02 -6.345464226869079738e-01 -4.603484979216375395e-02 1.953594589291179906e-02 9.987487869442858157e-01 7.761390682417761866e+00
-9.503921022874082247e-01 -3.088157711051219279e-01 -3.725146207157269823e-02 4.462915165961868214e-01 3.077090494123948528e-01 -9.509211280653135923e-01 3.262129839095927186e-02 -6.273392757295299660e-01 -4.549717375223650412e-02 1.954041237386310720e-02 9.987733373818197258e-01 7.758173622086184551e+00
-9.476136385395196315e-01 -3.172509866739948725e-01 -3.715109027026882588e-02 4.258504909163685626e-01 3.161374938414674984e-01 -9.481422088604219978e-01 3.291560063125342772e-02 -6.206294688260345360e-01 -4.566702356765792864e-02 1.944641950737485345e-02 9.987674202369711818e-01 7.755606765571288364e+00
-9.453041436455111857e-01 -3.238262273324434837e-01 -3.920013390619587340e-02 4.073121662679830557e-01 3.226318952969227105e-01 -9.459181958262050660e-01 3.387369100073069073e-02 -6.149305059483024527e-01 -4.804930950328600153e-02 1.937372696550924978e-02 9.986570595353160273e-01 7.753227009430854189e+00
-9.429499812009350945e-01 -3.304252539380348463e-01 -4.079809447929432648e-02 3.844518992121681022e-01 3.291790994009995974e-01 -9.436408076705130599e-01 3.439689835564540416e-02 -6.080286224277715590e-01 -4.986435069970410888e-02 1.900467465985531193e-02 9.985751693640144699e-01 7.750614947721830461e+00
-9.401534019782686880e-01 -3.386507401169563392e-01 -3.777905460603216137e-02 3.624453459412863565e-01 3.375225168718234969e-01 -9.407301539244512512e-01 3.324647502800679583e-02 -6.014396234424718157e-01 -4.679883922916729111e-02 1.850550500570011248e-02 9.987329047003942195e-01 7.748377232672663872e+00
-9.379760046824935360e-01 -3.447489366801700927e-01 -3.673125777534640146e-02 3.460644228061510730e-01 3.436439051844357162e-01 -9.385114393022188084e-01 3.324371712772812570e-02 -5.941867994956809840e-01 -4.593344173320179635e-02 1.855933610800520467e-02 9.987720810944671346e-01 7.745159912131007296e+00
-9.355356339992353387e-01 -3.513485955909258496e-01 -3.643133121274978042e-02 3.261341552434059987e-01 3.502254892132981579e-01 -9.360539508264493769e-01 3.383944218661558145e-02 -5.854869464132005374e-01 -4.599113200340907565e-02 1.889882320355888365e-02 9.987630601191486157e-01 7.741253934192910080e+00
-9.325759650899648756e-01 -3.591729447805595554e-01 -3.601201291488604489e-02 3.066775555602960779e-01 3.580595147770092024e-01 -9.330833624402553594e-01 3.389428587298760898e-02 -5.774540638446360452e-01 -4.577612056709885052e-02 1.871455248858909515e-02 9.987764075662672880e-01 7.737884142504790397e+00
-9.301096005250953924e-01 -3.653791072408827945e-01 -3.733950994460145251e-02 2.888757406107753667e-01 3.642073179092975566e-01 -9.306716553629871269e-01 3.468860742712647632e-02 -5.706020988866138399e-01 -4.742531594373788212e-02 1.866488402784562128e-02 9.987003862579926228e-01 7.735459037832344897e+00
-9.275491317672180935e-01 -3.716593289394343747e-01 -3.901219514676231015e-02 2.669195223764458946e-01 3.704095402760789191e-01 -9.281809414213432197e-01 3.573391182969971186e-02 -5.625908984835173987e-01 -4.949121770924211350e-02 1.869446962281138408e-02 9.985995875100179830e-01 7.732891845702418721e+00
-9.239468052156111222e-01 -3.802997620276385438e-01 -4.116299471111198316e-02 2.457590509251962319e-01 3.789460696814305751e-01 -9.246744730996540040e-01 3.710788421445974233e-02 -5.550638665570887254e-01 -5.217448998180951314e-02 1.868715600616748657e-02 9.984631254060108985e-01 7.730280548608381430e+00
-9.209323397410789092e-01 -3.873527007256183929e-01 -4.291282861326630588e-02 2.296518325315652642e-01 3.859088676021070197e-01 -9.217418475907712683e-01 3.829245756034720810e-02 -5.471787420278357850e-01 -5.438723678475981121e-02 1.870432143973762423e-02 9.983447184386751161e-01 7.726955837090575763e+00
-9.183793454772828380e-01 -3.933117743514464859e-01 -4.341918881363841798e-02 2.098286231148245029e-01 3.918260468985999001e-01 -9.192132385385320958e-01 3.897911065327229474e-02 -5.377972358551497134e-01 -5.524243633778047613e-02 1.878484101664694428e-02 9.982962501058719740e-01 7.723235471641512362e+00
-9.148801953597838210e-01 -4.016595776333086731e-01 -4.078984964272641678e-02 1.902733250844187152e-01 4.002551869166819931e-01 -9.155936128928214846e-01 3.852429592039911116e-02 -5.290996611661002991e-01 -5.282057823174693412e-02 1.891876648470004058e-02 9.984247927560500058e-01 7.720245007616974853e+00
-9.121558892490870818e-01 -4.079420950537880342e-01 -3.943197676167336380e-02 1.723274173979634505e-01 4.065576438965701755e-01 -9.128038762327570499e-01 3.872939095471097243e-02 -5.216239630289356555e-01 -5.179301012179748226e-02 1.929587047995971055e-02 9.984714084464030304e-01 7.717694363915112099e+00
-9.094012075949818863e-01 -4.141102823661067522e-01 -3.875716273738209067e-02 1.501476546807833934e-01 4.127202422979778240e-01 -9.100150306222895003e-01 3.917455346282756878e-02 -5.127800607899917207e-01 -5.149218603134949473e-02 1.962952063033507333e-02 9.984804638537181365e-01 7.714509642770909892e+00
-9.057864917753114531e-01 -4.221083467342031659e-01 -3.708604770923058791e-02 1.288596032239924805e-01 4.207848596236297700e-01 -9.063385286196833368e-01 3.860794543911335447e-02 -5.044513593480921543e-01 -4.990924993321188552e-02 1.936530807462329140e-02 9.985659976257348358e-01 7.711548689786015487e+00
-9.029845182756880417e-01 -4.281165373600709367e-01 -3.654025442230657283e-02 1.129676765416362805e-01 4.267930334338065901e-01 -9.035125896263372924e-01 3.889353415517546320e-02 -4.957048990534534405e-01 -4.966554506691280013e-02 1.952513317581084859e-02 9.985750361428398225e-01 7.706776760843188079e+00
-9.000265920726120417e-01 -4.342021400723581337e-01 -3.769131357149346079e-02 9.370159193826063659e-02 4.328253749238708536e-01 -9.006085051018757337e-01 3.957922889819184831e-02 -4.852865205413469107e-01 -5.113050346095738413e-02 1.930860157414660341e-02 9.985053077080161543e-01 7.701147587640404524e+00
-8.959276718952473573e-01 -4.424463778261374380e-01 -3.943107253033691084e-02 7.486209728230103222e-02 4.410032742170779119e-01 -8.965991759056073374e-01 4.032406099591924475e-02 -4.756231103203341082e-01 -5.319510186265900831e-02 1.873820999766621920e-02 9.984083135791210761e-01 7.696291013424871430e+00
-8.928777993358917309e-01 -4.484918075592297382e-01 -4.030302724796765157e-02 5.756770038976703752e-02 4.469799965869710179e-01 -8.935864289667837523e-01 4.137845595841950497e-02 -4.673351614441593749e-01 -5.457213670186393528e-02 1.893125771432953644e-02 9.983303508243887014e-01 7.692573024848049279e+00
-8.898339078285797399e-01 -4.544810539845970943e-01 -4.052885450599657408e-02 3.599256670876492537e-02 4.529395459587741146e-01 -8.905547664840232081e-01 4.192821960501248724e-02 -4.574437035864564183e-01 -5.514874599823645779e-02 1.895203054124782599e-02 9.982982702344953552e-01 7.688662249488564804e+00
-8.859582577445560547e-01 -4.621638518066475410e-01 -3.850376108218037802e-02 1.503651568164942470e-02 4.606847036309450472e-01 -8.865884689098496585e-01 4.159916629641507296e-02 -4.481964255471386216e-01 -5.336262151261742664e-02 1.911703113277697652e-02 9.983921923502654394e-01 7.685235442478584922e+00
-8.828644504449816299e-01 -4.680903422529097968e-01 -3.797095771816249438e-02 -3.117907940985993609e-03 4.665945192193264868e-01 -8.834649151270301815e-01 4.218173033524160592e-02 -4.368991291034586832e-01 -5.329086952721167475e-02 1.952370941043808650e-02 9.983881549757540608e-01 7.679299994424188647e+00
-8.796129442819498045e-01 -4.741480896230348407e-01 -3.827084214472102619e-02 -1.835032167640341869e-02 4.726145434542637358e-01 -8.802267901672049533e-01 4.285196830318475231e-02 -4.273982745769036584e-01 -5.400519944558547503e-02 1.960578941960360033e-02 9.983481614417271111e-01 7.674090597319495721e+00
-8.753217129611461367e-01 -4.819622502997742974e-01 -3.904213243078431816e-02 -3.642088443529158809e-02 4.803953267463186294e-01 -8.759829188188972271e-01 4.329267810869758676e-02 -4.167573252859352873e-01 -5.506567768640402427e-02 1.913936319482101300e-02 9.982992817374127803e-01 7.668369366926898856e+00
-8.719828525469297542e-01 -4.878486974021774003e-01 -4.061469324170602357e-02 -5.317964725682633453e-02 4.861982533234558979e-01 -8.727234035825430780e-01 4.432966619006038778e-02 -4.075145152798769765e-01 -5.707156322845689800e-02 1.890791586347660702e-02 9.981910275034333591e-01 7.664024723990150889e+00
-8.684701267819960879e-01 -4.939871363241422064e-01 -4.166950963879148540e-02 -7.407498976057015627e-02 4.922974685160274588e-01 -8.692753368685743887e-01 4.476149243197764110e-02 -3.964730527359922596e-01 -5.833387849247616275e-02 1.836022489786972439e-02 9.981282787105698606e-01 7.659647034139047683e+00
-8.640519372318484770e-01 -5.018455479816109621e-01 -3.956381853318059055e-02 -9.433009954665805274e-02 5.002550132949009631e-01 -8.647683870744635737e-01 4.382417586160845119e-02 -3.860309595979706243e-01 -5.620650708955673286e-02 1.807436548449868619e-02 9.982555513860790208e-01 7.655891482639082035e+00
