-9.978506618337332768e-01 6.525956945961884637e-02 -5.936772854459712936e-03 1.187829999999999941e+00 -6.526057745192830051e-02 -9.978682560616822794e-01 -2.398035958390301549e-05 -7.809979999999999700e-01 -5.925682122855982156e-03 3.635084070011650463e-04 9.999823769212218272e-01 7.672030000000000349e+00
-9.978617498485439219e-01 6.507676356933665696e-02 -6.078078030306631116e-03 1.191699999999999982e+00 -6.507644384578266383e-02 -9.978802501659883584e-01 -2.505694533296934107e-04 -7.804699999999999971e-01 -6.081500274482813315e-03 1.455060304713738499e-04 9.999814969200212511e-01 7.673770000000000202e+00
-9.978647208641632238e-01 6.502350850933986959e-02 -6.159723680577809148e-03 1.195189999999999975e+00 -6.502221835053621779e-02 -9.978837323417261151e-01 -4.096932035336964977e-04 -7.800599999999999756e-01 -6.173327746074891258e-03 -8.299496046598026609e-06 9.999809447962784148e-01 7.675370000000000026e+00
-9.978655821389168512e-01 6.499090057367354345e-02 -6.361039630685341381e-03 1.197719999999999896e+00 -6.498931675952013265e-02 -9.978858557688776720e-01 -4.555914236489598621e-04 -7.798079999999999457e-01 -6.377200772362775702e-03 -4.121938169849670257e-05 9.999796645988714427e-01 7.676890000000000214e+00
-9.978728982917867141e-01 6.489571188717717376e-02 -6.182672027966053252e-03 1.202679999999999971e+00 -6.489362133113939224e-02 -9.978920422993077244e-01 -5.383551308982402906e-04 -7.791289999999999605e-01 -6.204576156321604807e-03 -1.359940173822246330e-04 9.999807421847419775e-01 7.678530000000000300e+00
-9.978573580350477146e-01 6.512913644993273410e-02 -6.236072530102523999e-03 1.207969999999999988e+00 -6.512905881668257235e-02 -9.978768256421007843e-01 -2.157408111457163142e-04 -7.785079999999999778e-01 -6.236883273539539467e-03 1.908709787679430982e-04 9.999805322381540851e-01 7.680450000000000443e+00
-9.978439529860375634e-01 6.533897760510075370e-02 -6.185749325519267726e-03 1.212020000000000097e+00 -6.534130200072300887e-02 -9.978629584796129270e-01 1.742043752879572735e-04 -7.781109999999999971e-01 -6.161147786600277600e-03 5.780136972443217919e-04 9.999808528957528919e-01 7.681770000000000209e+00
-9.978387501950485294e-01 6.537514119019073588e-02 -6.627180663487259801e-03 1.214660000000000073e+00 -6.538139361019255913e-02 -9.978600798744403644e-01 7.310010703679911681e-04 -7.779329999999999856e-01 -6.565209728024254399e-03 1.162715501932556428e-03 9.999777728099205065e-01 7.682920000000000194e+00
-9.978132830651380569e-01 6.573852640360200450e-02 -6.862819031138002804e-03 1.216920000000000002e+00 -6.574749951992428509e-02 -9.978356970700104078e-01 1.089935633127100435e-03 -7.778890000000000526e-01 -6.776315049404369253e-03 1.538765443375304451e-03 9.999758565861788240e-01 7.684280000000000221e+00
-9.977886545896863524e-01 6.610045423658604535e-02 -6.966399487583822131e-03 1.218450000000000033e+00 -6.611308346613721521e-02 -9.978108567956380792e-01 1.598203790026821169e-03 -7.778230000000000421e-01 -6.845507045003300373e-03 2.055239760192084132e-03 9.999744571851947317e-01 7.685550000000000104e+00
-9.977583497194200124e-01 6.655415905460018711e-02 -6.987093652930540140e-03 1.222620000000000040e+00 -6.656633037013481857e-02 -9.977808384250570484e-01 1.523854600887042865e-03 -7.770880000000000010e-01 -6.870169301691907322e-03 1.985543836221447325e-03 9.999744288677789861e-01 7.687500000000000000e+00
-9.977428165476854849e-01 6.675985335969769618e-02 -7.238370457732360742e-03 1.227090000000000014e+00 -6.677269684985059905e-02 -9.977670134685100445e-01 1.547187618933602285e-03 -7.762679999999999580e-01 -7.118917255430362405e-03 2.027020848903596760e-03 9.999726057265712065e-01 7.689479999999999649e+00
-9.977289146186865132e-01 6.692037066170980486e-02 -7.660086443247476895e-03 1.230429999999999913e+00 -6.693386937070602838e-02 -9.977562571771128042e-01 1.519340312548742196e-03 -7.755809999999999649e-01 -7.541224362390701666e-03 2.028608986336314594e-03 9.999695068754334004e-01 7.691270000000000273e+00
-9.977123009907273854e-01 6.714350455100490112e-02 -7.868560757702694128e-03 1.232820000000000027e+00 -6.715749961965358783e-02 -9.977412169967303512e-01 1.527792760775780086e-03 -7.750599999999999712e-01 -7.748206026216859083e-03 2.052730496883219038e-03 9.999678752844427532e-01 7.692919999999999980e+00
-9.976937765870650399e-01 6.740243899138521899e-02 -8.002460712314972066e-03 1.234259999999999913e+00 -6.741846190973317665e-02 -9.977232535884084097e-01 1.749354934324709671e-03 -7.747800000000000242e-01 -7.866330349369206679e-03 2.284834123734980071e-03 9.999664496271170044e-01 7.694289999999999630e+00
-9.976667203091783565e-01 6.781436252289303745e-02 -7.894771886614368808e-03 1.235340000000000105e+00 -6.783194071139063419e-02 -9.976947963345289550e-01 1.980198558054180411e-03 -7.745309999999999695e-01 -7.742286926640090314e-03 2.511095899517657489e-03 9.999668751466366245e-01 7.695540000000000269e+00
-9.976488961185332460e-01 6.806015802640630330e-02 -8.030875599346939953e-03 1.238709999999999978e+00 -6.808047175055340072e-02 -9.976772199178900458e-01 2.283467348536610125e-03 -7.739650000000000141e-01 -7.856808492873335742e-03 2.824844478963812154e-03 9.999651447995452358e-01 7.697549999999999670e+00
-9.976493496007962092e-01 6.806009647212017677e-02 -7.974867354026972735e-03 1.242289999999999894e+00 -6.808328986561058838e-02 -9.976760585837135542e-01 2.673531361742320384e-03 -7.733989999999999476e-01 -7.774373427092135316e-03 3.210202029883569685e-03 9.999646262347203773e-01 7.699950000000000294e+00
-9.976358061308404634e-01 6.822660895923042534e-02 -8.241853892937854240e-03 1.244930000000000092e+00 -6.825371603193809700e-02 -9.976633235095554442e-01 3.053386922686147920e-03 -7.730080000000000284e-01 -8.014273111133210850e-03 3.608705279228664742e-03 9.999613735903540856e-01 7.702280000000000015e+00
-9.976153140032844036e-01 6.847491640552411107e-02 -8.652808179122601848e-03 1.246569999999999956e+00 -6.850553162375960792e-02 -9.976453037620278685e-01 3.292418338712390247e-03 -7.727749999999999897e-01 -8.406985373739983905e-03 3.877332179153942810e-03 9.999571435277104792e-01 7.704049999999999621e+00
-9.975983422929259881e-01 6.865644079235126707e-02 -9.156450848014795543e-03 1.247919999999999918e+00 -6.869032897106570890e-02 -9.976321025621512906e-01 3.438988698384692552e-03 -7.726509999999999767e-01 -8.898660587555782750e-03 4.059689045630207084e-03 9.999521652382177273e-01 7.705689999999999706e+00
-9.975872827049121483e-01 6.877798056105800806e-02 -9.444722090786216231e-03 1.248699999999999921e+00 -6.881671656171133022e-02 -9.976219327540920556e-01 3.839115738623792053e-03 -7.725849999999999662e-01 -9.158215278892696196e-03 4.479807800809139200e-03 9.999480278569347069e-01 7.707290000000000418e+00
-9.975640151591786964e-01 6.909071656390448901e-02 -9.618136211563928922e-03 1.251940000000000053e+00 -6.913196312893436779e-02 -9.975994092584041795e-01 4.023719824072407789e-03 -7.714189999999999658e-01 -9.317045316925492288e-03 4.678838741524160919e-03 9.999456490902859374e-01 7.709240000000000315e+00
-9.975478453167651027e-01 6.932321898602804289e-02 -9.622245751069033112e-03 1.255279999999999951e+00 -6.936253243517818967e-02 -9.975842300630560766e-01 3.813531654264704258e-03 -7.700609999999999955e-01 -9.334634329078975515e-03 4.471603617766817078e-03 9.999464332468153138e-01 7.711590000000000167e+00
-9.975347310378983590e-01 6.953472143727632004e-02 -9.454252365360687679e-03 1.257679999999999909e+00 -6.957399183485540872e-02 -9.975692097908503975e-01 3.889901980990422437e-03 -7.691069999999999851e-01 -9.160787810609661089e-03 4.538082403243336865e-03 9.999477415219207854e-01 7.713899999999999757e+00
-9.975125993226691135e-01 6.982720740538217452e-02 -9.631993485154609347e-03 1.259090000000000042e+00 -6.986994328742276994e-02 -9.975473779334299573e-01 4.173703768981943188e-03 -7.685199999999999809e-01 -9.316931766662532588e-03 4.836308933952575967e-03 9.999449009312216807e-01 7.715569999999999595e+00
-9.974840509058792160e-01 7.022024995797003510e-02 -9.730605543227879156e-03 1.260119999999999907e+00 -7.026878922355077328e-02 -9.975168357159317489e-01 4.739169160427119179e-03 -7.680430000000000312e-01 -9.373657208042281835e-03 5.411003522005651545e-03 9.999414260802634846e-01 7.717299999999999827e+00
-9.974773985002028942e-01 7.028675342451763675e-02 -9.930346132369604478e-03 1.260680000000000023e+00 -7.034154475682143082e-02 -9.975089916140623680e-01 5.280031280288112298e-03 -7.677319999999999700e-01 -9.534493300207256411e-03 5.965227752382285843e-03 9.999367527475778727e-01 7.718899999999999650e+00
-9.974538053952175520e-01 7.056662411593681017e-02 -1.030813579070376240e-02 1.263609999999999900e+00 -7.062676144108487319e-02 -9.974871440614812013e-01 5.590885476736095344e-03 -7.671540000000000026e-01 -9.887703016554949542e-03 6.304680241691616380e-03 9.999312398040709482e-01 7.720909999999999940e+00
-9.974314992468069629e-01 7.085769120003627963e-02 -1.046861538443104658e-02 1.266659999999999897e+00 -7.092012929733283733e-02 -9.974656075605818906e-01 5.718128561761555949e-03 -7.665880000000000472e-01 -1.003691041687816005e-02 6.445877100871713790e-03 9.999288530178954693e-01 7.723169999999999646e+00
-9.974242536377374568e-01 7.092555542152571835e-02 -1.069690812105955798e-02 1.268939999999999957e+00 -7.099260393802146740e-02 -9.974586527854624185e-01 6.023800254767844135e-03 -7.661719999999999642e-01 -1.024248218458420102e-02 6.767685834774416105e-03 9.999246421541675423e-01 7.725030000000000285e+00
-9.974014327562331639e-01 7.117714203240314841e-02 -1.114434331454096372e-02 1.270340000000000025e+00 -7.124902877405199508e-02 -9.974393412840086848e-01 6.191636106632355217e-03 -7.659219999999999917e-01 -1.067510349212386078e-02 6.969570361345979632e-03 9.999187303248253667e-01 7.726569999999999716e+00
-9.973873373432096123e-01 7.132440129766176584e-02 -1.145989035516139197e-02 1.271439999999999904e+00 -7.140140374113321253e-02 -9.974267668278815613e-01 6.456342546233666269e-03 -7.657070000000000265e-01 -1.096990661846791552e-02 7.257726559241672870e-03 9.999134895349561791e-01 7.728170000000000428e+00
-9.973543207510932040e-01 7.170760469424269923e-02 -1.193223818653008431e-02 1.272010000000000085e+00 -7.179049392181344191e-02 -9.973974368817245528e-01 6.669174178902940141e-03 -7.655300000000000438e-01 -1.142295327784952075e-02 7.508150956174189199e-03 9.999065675390034214e-01 7.729720000000000368e+00
-9.973382354912578851e-01 7.185975485561633957e-02 -1.235393294764130200e-02 1.274890000000000079e+00 -7.194632508447192099e-02 -9.973859246424052749e-01 6.711455285825104755e-03 -7.650949999999999696e-01 -1.183935530438967425e-02 7.582411048266056788e-03 9.999011634700057938e-01 7.731189999999999785e+00
-9.973262316870958877e-01 7.203479839466456203e-02 -1.230347142302616777e-02 1.277919999999999945e+00 -7.211986278259538419e-02 -9.973740324153401726e-01 6.615501174026349948e-03 -7.646990000000000176e-01 -1.179461661253985820e-02 7.485137527391489201e-03 9.999024251071497726e-01 7.732940000000000147e+00
-9.972894418734524757e-01 7.251474208699018598e-02 -1.246520388102875278e-02 1.280129999999999990e+00 -7.260773976381773576e-02 -9.973347533064201853e-01 7.176766236433882243e-03 -7.644509999999999916e-01 -1.191155968494641594e-02 8.062383473886047813e-03 9.998965510084493191e-01 7.734639999999999738e+00
-9.972570893324282926e-01 7.290875216429429373e-02 -1.275192668024518507e-02 1.281549999999999967e+00 -7.301023485820909431e-02 -9.973016065784549022e-01 7.681869693090684695e-03 -7.643299999999999539e-01 -1.215744143156723654e-02 8.591820172581974766e-03 9.998891824817187635e-01 7.735610000000000319e+00
-9.972434256486433224e-01 7.301422196386447849e-02 -1.320883763131961396e-02 1.282710000000000017e+00 -7.312435839997546982e-02 -9.972902930012006451e-01 8.056034643143644355e-03 -7.642930000000000001e-01 -1.258484044996094862e-02 8.999715361672410915e-03 9.998803062938375064e-01 7.736889999999999823e+00
-9.972251188018733670e-01 7.318044929362670092e-02 -1.366324528697045008e-02 1.283309999999999951e+00 -7.330033821438348973e-02 -9.972737774770151775e-01 8.489592121018293275e-03 -7.644859999999999989e-01 -1.300472407419629543e-02 9.467555012102932266e-03 9.998706129064131032e-01 7.738010000000000055e+00
-9.972051782898402328e-01 7.344110821502207453e-02 -1.371991312208351195e-02 1.286629999999999940e+00 -7.356608567554191735e-02 -9.972511871542982798e-01 8.837463308074312851e-03 -7.643419999999999659e-01 -1.303316654949704563e-02 9.822084477958351739e-03 9.998668227450098200e-01 7.739740000000000286e+00
-9.971887053138140944e-01 7.366141316842968190e-02 -1.373616411483524063e-02 1.290229999999999988e+00 -7.379340989823100772e-02 -9.972295945155372765e-01 9.363144662422275347e-03 -7.642729999999999801e-01 -1.300840690290155227e-02 1.035046049254222285e-02 9.998618151111888785e-01 7.741889999999999716e+00
-9.971704800595362350e-01 7.384749503879416144e-02 -1.405635707889128262e-02 1.292950000000000044e+00 -7.398676503659658288e-02 -9.972124412087983725e-01 9.659487450591110885e-03 -7.642700000000000049e-01 -1.330384520555893089e-02 1.067214012670143417e-02 9.998545459854961681e-01 7.743940000000000268e+00
-9.971483579177282675e-01 7.406217008929019685e-02 -1.448955705475308067e-02 1.294589999999999907e+00 -7.420720006844380712e-02 -9.971952694278136686e-01 9.740949070384039357e-03 -7.643510000000000026e-01 -1.372748192422228175e-02 1.078840082935886117e-02 9.998475717065901103e-01 7.745250000000000412e+00
-9.971267332931540439e-01 7.431925276165292360e-02 -1.466036906334231178e-02 1.295860000000000012e+00 -7.446659229514009104e-02 -9.971756138853323792e-01 9.773520571458627765e-03 -7.645290000000000141e-01 -1.389260177480245058e-02 1.083714636612817528e-02 9.998447638881580168e-01 7.746360000000000134e+00
-9.970926129821996442e-01 7.474173282280081876e-02 -1.483221193802675489e-02 1.296689999999999898e+00 -7.489523302743507360e-02 -9.971404825904633951e-01 1.007779981067153351e-02 -7.647340000000000249e-01 -1.403656674887714464e-02 1.115936171574481543e-02 9.998392087930946248e-01 7.747090000000000032e+00
-9.970791935876336387e-01 7.487144517299598734e-02 -1.507807720969845527e-02 1.299800000000000066e+00 -7.503276836428882102e-02 -9.971264886085257073e-01 1.043309095249780188e-02 -7.643809999999999771e-01 -1.425360958584003315e-02 1.153396778819711088e-02 9.998318869694222677e-01 7.748190000000000133e+00
-9.970567537425703009e-01 7.510345177756856672e-02 -1.540458851842367409e-02 1.303199999999999914e+00 -7.526752275239449730e-02 -9.971095360228783289e-01 1.036210359715902460e-02 -7.640019999999999589e-01 -1.458183236240538465e-02 1.149107059132931791e-02 9.998276478781830123e-01 7.749710000000000321e+00
-9.970252745104183356e-01 7.490036335332898865e-02 -1.818069187253986210e-02 1.305830000000000046e+00 -7.510740425836119616e-02 -9.971149458380456077e-01 1.098465347485478617e-02 -7.638260000000000050e-01 -1.730548505520874622e-02 1.231748172033646747e-02 9.997743744620948281e-01 7.751389999999999780e+00
-9.967193754925522953e-01 7.238515757258771888e-02 -3.620601443030850575e-02 1.307379999999999987e+00 -7.293553665652612039e-02 -9.972367396534020934e-01 1.411710232579064909e-02 -7.637789999999999857e-01 -3.508409911000419379e-02 1.671149450659499547e-02 9.992446306790919719e-01 7.753630000000000244e+00
-9.960569209729198681e-01 6.799788533680935221e-02 -5.698155641669137850e-02 1.307539999999999925e+00 -6.903703717835744935e-02 -9.974781544653347209e-01 1.646872375333697028e-02 -7.637100000000000000e-01 -5.571801934366067688e-02 2.033762410292220754e-02 9.982393918125389565e-01 7.757060000000000066e+00
-9.954379826537164133e-01 6.032584738079826980e-02 -7.391897474998072870e-02 1.305269999999999930e+00 -6.175532167168522324e-02 -9.979430046531682086e-01 1.720580451573056058e-02 -7.635089999999999932e-01 -7.272896902559762566e-02 2.169220140039927053e-02 9.971158134654560801e-01 7.760390000000000121e+00
-9.954998670328656374e-01 5.403275399769359028e-02 -7.784906057860553619e-02 1.304059999999999997e+00 -5.547230180941007532e-02 -9.983247461265929434e-01 1.644764430668678792e-02 -7.628669999999999618e-01 -7.682993211966536451e-02 2.069209430430602251e-02 9.968294732619964460e-01 7.762889999999999624e+00
-9.960189531544059172e-01 4.749922169166051478e-02 -7.543254533613309720e-02 1.299590000000000023e+00 -4.878650415162839871e-02 -9.986918185235482692e-01 1.531432750045399332e-02 -7.619650000000000034e-01 -7.460644724060001842e-02 1.893345063147507112e-02 9.970333005859538522e-01 7.765209999999999724e+00
-9.971340090357001529e-01 3.844844498103877628e-02 -6.515738717085090004e-02 1.292240000000000055e+00 -3.945494307815955448e-02 -9.991200058103233417e-01 1.423100334756884078e-02 -7.612309999999999910e-01 -6.455288909949205567e-02 1.676099842250931490e-02 9.977735181095904737e-01 7.767159999999999620e+00
-9.978575263433431264e-01 3.181153340607134616e-02 -5.716977752535142704e-02 1.283519999999999994e+00 -3.265532483957755971e-02 -9.993702052189039620e-01 1.388606064897870279e-02 -7.607770000000000366e-01 -5.669203541561582821e-02 1.572320778594026025e-02 9.982678968379952167e-01 7.768839999999999968e+00
-9.983928742558444425e-01 2.483725993490495595e-02 -5.093897480397278216e-02 1.270890000000000075e+00 -2.558271913351043217e-02 -9.995741831270782418e-01 1.403484618976227720e-02 -7.603520000000000278e-01 -5.056869700605037127e-02 1.531544791249444572e-02 9.986031463691420473e-01 7.771090000000000053e+00
-9.988941258494193898e-01 1.590548018248076970e-02 -4.424410744595056594e-02 1.257439999999999891e+00 -1.654128875867526619e-02 -9.997645811504313196e-01 1.404165386643478099e-02 -7.600379999999999914e-01 -4.401035230177361562e-02 1.475798012152581586e-02 9.989220644840147711e-01 7.773550000000000182e+00
-9.990588132912581187e-01 9.576540708811285413e-03 -4.230576146478755989e-02 1.247020000000000017e+00 -1.018002787096126266e-02 -9.998491536415510250e-01 1.407256177178611324e-02 -7.587650000000000228e-01 -4.216461333404441375e-02 1.448999069450233705e-02 9.990055983587199373e-01 7.775960000000000427e+00
-9.990940447057290452e-01 2.844931525257800124e-03 -4.246170272331820789e-02 1.233360000000000012e+00 -3.448684525434247798e-03 -9.998939039527776629e-01 1.415229356386129948e-02 -7.573020000000000307e-01 -4.241693539838640309e-02 1.428590923568653741e-02 9.989978560481094227e-01 7.778789999999999871e+00
-9.989590505875213244e-01 -6.866033408379498305e-03 -4.509626186850567570e-02 1.219009999999999927e+00 6.233517273995035045e-03 -9.998804306906091677e-01 1.415159299714161684e-02 -7.561259999999999648e-01 -4.518803504991811965e-02 1.385575357737567348e-02 9.988824052815878929e-01 7.780990000000000073e+00
-9.988835546862582238e-01 -1.306079220446327606e-02 -4.539889739120698403e-02 1.205049999999999955e+00 1.243051435139079682e-02 -9.998227865222615307e-01 1.413781679823863935e-02 -7.552590000000000137e-01 -4.557550318214135393e-02 1.355770105336898471e-02 9.988688914226142579e-01 7.782610000000000028e+00
-9.988062433292673736e-01 -2.003930443169676251e-02 -4.454789068373445765e-02 1.186909999999999910e+00 1.942915972356060866e-02 -9.997119840936973256e-01 1.408746293266039014e-02 -7.544349999999999667e-01 -4.481736314100314561e-02 1.320511784636883325e-02 9.989079180904267830e-01 7.784849999999999604e+00
-9.986878601518629495e-01 -2.913184033746811161e-02 -4.211761939907707891e-02 1.168660000000000032e+00 2.854584421771517652e-02 -9.994880560946062253e-01 1.444854671319283426e-02 -7.537660000000000471e-01 -4.251697029647320131e-02 1.322730519711571087e-02 9.990081809645160460e-01 7.787010000000000431e+00
-9.985366675269964354e-01 -3.584516853542281389e-02 -4.049256100504926292e-02 1.154949999999999921e+00 3.528029273650297448e-02 -9.992710989724473691e-01 1.457983891624834230e-02 -7.522950000000000470e-01 -4.098566271889668433e-02 1.312991435860219255e-02 9.990734611631061357e-01 7.787889999999999979e+00
-9.983353459813374409e-01 -4.282887608222874648e-02 -3.862931966597853845e-02 1.137729999999999908e+00 4.229489252826675733e-02 -9.989994151974000980e-01 1.453652301187963354e-02 -7.505950000000000122e-01 -3.921325069852824724e-02 1.287850180671790308e-02 9.991478695172546498e-01 7.788649999999999629e+00
-9.980426988019511780e-01 -5.092242759277378766e-02 -3.629983107641639867e-02 1.120479999999999920e+00 5.042200834161179174e-02 -9.986217039522259364e-01 1.457098041832262554e-02 -7.492349999999999843e-01 -3.699178885801666233e-02 1.271215023555893019e-02 9.992347115635406007e-01 7.789460000000000051e+00
-9.977429992979937046e-01 -5.734681017572178241e-02 -3.493208717659711943e-02 1.104379999999999917e+00 5.686241790540272345e-02 -9.982737002926070913e-01 1.470662211581903918e-02 -7.482739999999999947e-01 -3.571516179152748466e-02 1.268710632003587115e-02 9.992814741360059871e-01 7.790700000000000180e+00
-9.973228646703503619e-01 -6.386477294056444598e-02 -3.561452488769252522e-02 1.084300000000000042e+00 6.335447127752266705e-02 -9.978741272797978512e-01 1.527864767337962747e-02 -7.472529999999999450e-01 -3.651458030529008969e-02 1.298140527184402267e-02 9.992488021220223837e-01 7.792259999999999742e+00
-9.966522644667522579e-01 -7.274398923011282658e-02 -3.731723146462129215e-02 1.064699999999999980e+00 7.220450570409370217e-02 -9.972677169116440643e-01 1.560801594899989195e-02 -7.462919999999999554e-01 -3.835065956828372091e-02 1.286129218725569345e-02 9.991815721248823445e-01 7.793289999999999829e+00
-9.961177167551787948e-01 -7.916847406174742918e-02 -3.849476693245069275e-02 1.046750000000000069e+00 7.861374375507734769e-02 -9.967812136351040797e-01 1.571914237291867009e-02 -7.443760000000000376e-01 -3.961532101675200451e-02 1.263189846632222640e-02 9.991351567640266440e-01 7.793129999999999669e+00
-9.955349554231857079e-01 -8.577467109199941875e-02 -3.940632347244313327e-02 1.031279999999999974e+00 8.521962691784708277e-02 -9.962407086508101584e-01 1.555845798639377692e-02 -7.426989999999999981e-01 -4.059270523799142494e-02 1.213079659341243302e-02 9.991021349469085822e-01 7.793180000000000440e+00
-9.947280535833786796e-01 -9.474165337712989188e-02 -3.924434391846552683e-02 1.012799999999999923e+00 9.420050801916229899e-02 -9.954338151110841970e-01 1.542024715507673248e-02 -7.408420000000000005e-01 -4.052608669924556706e-02 1.164211530434593363e-02 9.991106532552265218e-01 7.793180000000000440e+00
-9.940980061030360027e-01 -1.013344750702962344e-01 -3.873600939946708621e-02 9.955100000000000060e-01 1.008132813263459410e-01 -9.947894814819511211e-01 1.518452637015411597e-02 -7.393049999999999899e-01 -4.007289071408648429e-02 1.118980317514072301e-02 9.991341009767999992e-01 7.792959999999999887e+00
-9.935122624584923345e-01 -1.076380247302670262e-01 -3.670749210685093911e-02 9.738930000000000087e-01 1.071575335001054979e-01 -9.941315834783787109e-01 1.482085506795553440e-02 -7.375410000000000021e-01 -3.808736481803211282e-02 1.079121693498917567e-02 9.992161439239661824e-01 7.792790000000000106e+00
-9.926757585095824510e-01 -1.160001175753063163e-01 -3.374627668261860614e-02 9.529199999999999893e-01 1.155663988388011265e-01 -9.931933697945527495e-01 1.453745698433313999e-02 -7.358670000000000488e-01 -3.520292497585793268e-02 1.053104546829529073e-02 9.993246975605517557e-01 7.792699999999999960e+00
-9.919298733256644018e-01 -1.222990386961052556e-01 -3.343757673844808403e-02 9.364099999999999646e-01 1.218585454947275493e-01 -9.924353888838394200e-01 1.491622542373521702e-02 -7.335429999999999451e-01 -3.500887450405217732e-02 1.072119512884711114e-02 9.993294925503641846e-01 7.792519999999999669e+00
-9.910446709102908036e-01 -1.289113705365047269e-01 -3.481836881179219828e-02 9.161219999999999919e-01 1.284473219300276414e-01 -9.915989141906474957e-01 1.526036909557813501e-02 -7.308080000000000132e-01 -3.649309180266654268e-02 1.065138124045009529e-02 9.992771399008152367e-01 7.792460000000000164e+00
-9.897832685825362908e-01 -1.377037884117624233e-01 -3.696955356938824017e-02 8.962689999999999824e-01 1.372057809454834409e-01 -9.904181677256711502e-01 1.569798439496782744e-02 -7.284049999999999692e-01 -3.877698942944534516e-02 1.046516583591510299e-02 9.991930871432288530e-01 7.792410000000000281e+00
-9.887932142631081778e-01 -1.443321205639598315e-01 -3.816042977669108216e-02 8.780630000000000379e-01 1.438104179253424375e-01 -9.894743726436436848e-01 1.609439584471760581e-02 -7.264070000000000249e-01 -4.008170559456709914e-02 1.042616204452450832e-02 9.991420079356346795e-01 7.792650000000000077e+00
-9.877642928137735367e-01 -1.510522350195775410e-01 -3.879335172031976586e-02 8.554730000000000389e-01 1.505211444684223521e-01 -9.884727151759091779e-01 1.628116766949815053e-02 -7.241210000000000147e-01 -4.080547647096469110e-02 1.024273637053574153e-02 9.991146077611023912e-01 7.792959999999999887e+00
-9.863881280381291417e-01 -1.598464683607877523e-01 -3.856899555366948007e-02 8.335329999999999684e-01 1.593090339551817558e-01 -9.870884011350203879e-01 1.664692298822479863e-02 -7.220220000000000526e-01 -4.073196000319706522e-02 1.027593778167317298e-02 9.991172666594273499e-01 7.793370000000000353e+00
-9.852439624008801911e-01 -1.666495283605936018e-01 -3.901626904003912405e-02 8.177820000000000089e-01 1.660938645861227969e-01 -9.859617163950127328e-01 1.709742525198371804e-02 -7.186329999999999663e-01 -4.131782544447016453e-02 1.036477209552531288e-02 9.990922924334608712e-01 7.792410000000000281e+00
-9.841791962899304469e-01 -1.731983379950814417e-01 -3.733155911354556905e-02 7.984090000000000353e-01 1.726720970521182785e-01 -9.848341628301284789e-01 1.691208509627892265e-02 -7.145660000000000345e-01 -3.969453979743899769e-02 1.019840371928166893e-02 9.991598150805747203e-01 7.791000000000000369e+00
-9.827299437693373108e-01 -1.817621055538873320e-01 -3.470438882522670909e-02 7.793539999999999912e-01 1.812768887173041854e-01 -9.832906860739056842e-01 1.667681915960061642e-02 -7.108839999999999604e-01 -3.715571606212317302e-02 1.009770592389304389e-02 9.992584696158373081e-01 7.789620000000000211e+00
-9.815364699591543340e-01 -1.879955148564765033e-01 -3.526818019079399485e-02 7.617479999999999807e-01 1.875071483726612198e-01 -9.821211281068601417e-01 1.670805300629683854e-02 -7.077890000000000015e-01 -3.777866394242668929e-02 9.786527471822077662e-03 9.992382080518981136e-01 7.788520000000000110e+00
-9.801455440110533601e-01 -1.948363614272907718e-01 -3.679000979954395040e-02 7.399069999999999814e-01 1.943287531297731574e-01 -9.807902181543277642e-01 1.693764091643424480e-02 -7.042559999999999931e-01 -3.938335006451462034e-02 9.451996538324809044e-03 9.991794691141004936e-01 7.787609999999999921e+00
-9.783796890365747956e-01 -2.032418877949480340e-01 -3.828732330995144456e-02 7.187630000000000408e-01 2.027252311292476461e-01 -9.790886762201969074e-01 1.696598835833453001e-02 -7.009349999999999747e-01 -4.093488419781007165e-02 8.837371946895346969e-03 9.991227332579235565e-01 7.787189999999999834e+00
-9.769526730040252183e-01 -2.098407817489811866e-01 -3.911931780165667921e-02 7.031039999999999512e-01 2.093143218152355156e-01 -9.776980756753372859e-01 1.714606379817405421e-02 -6.966689999999999827e-01 -4.184482516773844335e-02 8.562659383595249557e-03 9.990874293428790853e-01 7.786089999999999733e+00
-9.755203613346888902e-01 -2.163024684021666033e-01 -3.966442719323835797e-02 6.837680000000000424e-01 2.157756877843810539e-01 -9.762920874069030974e-01 1.716428349361344072e-02 -6.915419999999999900e-01 -4.243674330830896069e-02 8.185488977546308970e-03 9.990656237643167348e-01 7.784880000000000244e+00
-9.733600895567631195e-01 -2.254837317980766809e-01 -4.155986949526158103e-02 6.645689999999999653e-01 2.249410653637219926e-01 -9.742176674861495744e-01 1.736241546790418672e-02 -6.867839999999999501e-01 -4.440330135343419082e-02 7.551360954119557684e-03 9.989851469249465543e-01 7.783739999999999881e+00
-9.717899576705895104e-01 -2.321535699520158313e-01 -4.158122327599860640e-02 6.467380000000000351e-01 2.316198226778909686e-01 -9.726527027545441850e-01 1.729096778502466764e-02 -6.827400000000000135e-01 -4.445824910245898404e-02 7.172153289976057611e-03 9.989854975443481777e-01 7.782630000000000159e+00
-9.702338541918809067e-01 -2.386828681465565649e-01 -4.094821892709870487e-02 6.244929999999999648e-01 2.381677824242374453e-01 -9.710734992209892891e-01 1.709872877802141866e-02 -6.780270000000000463e-01 -4.384490386680309909e-02 6.837219027992063811e-03 9.990149532618989303e-01 7.781340000000000146e+00
-9.679897343773589125e-01 -2.475165601845700225e-01 -4.161041425469773347e-02 6.028710000000000457e-01 2.469884164342820987e-01 -9.688609629391520262e-01 1.746873320833979004e-02 -6.736199999999999966e-01 -4.463850677761370400e-02 6.632264094307512015e-03 9.989811894053099994e-01 7.779930000000000234e+00
-9.662491947055567021e-01 -2.543576872978809966e-01 -4.080025298128282796e-02 5.862899999999999778e-01 2.538337339109855151e-01 -9.670871385118995356e-01 1.763241485654525043e-02 -6.687490000000000379e-01 -4.394234017061804387e-02 6.680826097099303376e-03 9.990117303130079396e-01 7.777449999999999974e+00
-9.645476266540817800e-01 -2.608726321377544122e-01 -3.991673480505867483e-02 5.658400000000000096e-01 2.603508777238933702e-01 -9.653491318591993497e-01 1.784584229136002356e-02 -6.629329999999999945e-01 -4.318907714197963571e-02 6.820807885405445053e-03 9.990436327785759962e-01 7.774569999999999759e+00
-9.621539181060756452e-01 -2.697497918246385962e-01 -3.866377741105109234e-02 5.458300000000000374e-01 2.692463644891862073e-01 -9.629071407473790423e-01 1.778295552104723620e-02 -6.575929999999999831e-01 -4.202657590719760528e-02 6.699858824737042057e-03 9.990940290129077805e-01 7.771969999999999601e+00
-9.604265272108676310e-01 -2.760477277119490203e-01 -3.712866621281237650e-02 5.275100000000000344e-01 2.755826545544253769e-01 -9.611232971366046041e-01 1.721070045054957920e-02 -6.530620000000000314e-01 -4.043620084044790425e-02 6.297596869595808479e-03 9.991622760769439671e-01 7.769980000000000331e+00
-9.585613530520236125e-01 -2.824802468262774813e-01 -3.694648275599761444e-02 5.049909999999999677e-01 2.820129180638321076e-01 -9.592526302324528853e-01 1.740992352779174163e-02 -6.477140000000000120e-01 -4.035897025688589546e-02 6.269094439118370367e-03 9.991655778572023916e-01 7.768049999999999677e+00
-9.559791856336051774e-01 -2.909521921930421917e-01 -3.808698587932234092e-02 4.833009999999999806e-01 2.904711304718617382e-01 -9.567194857530957330e-01 1.772986020053553269e-02 -6.426560000000000050e-01 -4.159710323697267398e-02 5.886207471273034557e-03 9.991171270496255197e-01 7.766259999999999941e+00
-9.540059854786767657e-01 -2.972149690788855048e-01 -3.918981789056576875e-02 4.660000000000000253e-01 2.967124205595835229e-01 -9.547933390593582592e-01 1.820492168491828072e-02 -6.367559999999999887e-01 -4.282895231652799478e-02 5.739498524983558357e-03 9.990659332597373599e-01 7.763349999999999973e+00
-9.520801600123937058e-01 -3.034119215590002638e-01 -3.853017994572709853e-02 4.448340000000000072e-01 3.029276748318146528e-01 -9.528439221862378128e-01 1.798009381893130032e-02 -6.296249999999999902e-01 -4.216862259744117575e-02 5.446632778355437257e-03 9.990956618160309333e-01 7.760229999999999961e+00
-9.493817186665802765e-01 -3.117561952146887805e-01 -3.850229872294392425e-02 4.243359999999999910e-01 3.112797390591861557e-01 -9.501486352994932272e-01 1.795814271453139918e-02 -6.229989999999999695e-01 -4.218146883330328029e-02 5.064146894724729474e-03 9.990971314658517732e-01 7.757760000000000211e+00
-9.471394371345749352e-01 -3.182390913346780370e-01 -4.062963660777139246e-02 4.057459999999999956e-01 3.177304228977194112e-01 -9.479988475648672974e-01 1.858933513927649162e-02 -6.173760000000000359e-01 -4.443270180438576439e-02 4.697420798952442293e-03 9.990013359591669584e-01 7.755469999999999864e+00
-9.448547213084560470e-01 -3.247457075513716096e-01 -4.230580395263396770e-02 3.828259999999999996e-01 3.242268710252253494e-01 -9.457927579001611518e-01 1.878816672267500862e-02 -6.105749999999999789e-01 -4.611389949149344997e-02 4.035409590880782889e-03 9.989280373195669194e-01 7.752950000000000230e+00
-9.421457786215555741e-01 -3.328848742191242716e-01 -3.935724001629768709e-02 3.607620000000000271e-01 3.324489246849222646e-01 -9.429618715040931631e-01 1.733843606951402869e-02 -6.040879999999999583e-01 -4.288407981316036399e-02 3.251062228807797237e-03 9.990747651166866916e-01 7.750810000000000421e+00
-9.400407741153204988e-01 -3.388947756575931280e-01 -3.838846223357923748e-02 3.443189999999999862e-01 3.384801668782755901e-01 -9.408194601620578634e-01 1.702703762928315517e-02 -5.968900000000000317e-01 -4.188698641253686683e-02 3.012376530899750146e-03 9.991178138522563978e-01 7.747700000000000031e+00
-9.376752902314541283e-01 -3.454096762407628529e-01 -3.817336307701495873e-02 3.243190000000000239e-01 3.449892068184739480e-01 -9.384470018241265477e-01 1.731103538405237563e-02 -5.882560000000000011e-01 -4.180307725656642187e-02 3.062731878415272772e-03 9.991211750360023958e-01 7.743929999999999758e+00
-9.348001102096364923e-01 -3.531530416304912712e-01 -3.783758897160558604e-02 3.047949999999999826e-01 3.527505114871063996e-01 -9.355619642738887132e-01 1.705542874183548288e-02 -5.802969999999999517e-01 -4.142258559815465563e-02 2.596187804367641738e-03 9.991383433795583136e-01 7.740680000000000227e+00
-9.324054791363228789e-01 -3.592757277790835646e-01 -3.925524048294280061e-02 2.869309999999999916e-01 3.588549128681709499e-01 -9.332287246405842618e-01 1.752994626591357699e-02 -5.735240000000000338e-01 -4.293220221397047592e-02 2.258082044177608418e-03 9.990754361300954178e-01 7.738360000000000127e+00
-9.299165467737744439e-01 -3.654755967201828715e-01 -4.102199700605679150e-02 2.649050000000000016e-01 3.650249370247383163e-01 -9.308187715581539567e-01 1.825403695227740403e-02 -5.656179999999999541e-01 -4.485544990772590696e-02 2.000679133577791188e-03 9.989914843964288194e-01 7.735920000000000130e+00
-9.264016496725642202e-01 -3.740422172875043638e-01 -4.327127419661887242e-02 2.436780000000000057e-01 3.735476894106202761e-01 -9.274100829812472746e-01 1.930444821026700702e-02 -5.581909999999999927e-01 -4.735089460547067808e-02 1.719788174009561840e-03 9.988768368065695791e-01 7.733419999999999739e+00
-9.234650179116483670e-01 -3.810203415512745662e-01 -4.512050551123343578e-02 2.275020000000000098e-01 3.804889772466464870e-01 -9.245655070347904569e-01 2.016832653697717831e-02 -5.503620000000000179e-01 -4.940140572129626817e-02 1.456889031896719047e-03 9.987779425813871903e-01 7.730220000000000091e+00
-9.209864036549164634e-01 -3.869021361234672440e-01 -4.572506255744093751e-02 2.076000000000000068e-01 3.863584457491142654e-01 -9.221199311282155531e-01 2.054224949766288166e-02 -5.410549999999999526e-01 -5.011183174772776416e-02 1.252868386360652536e-03 9.987428270779693529e-01 7.726650000000000240e+00
-9.175862189053460849e-01 -3.951838601628506753e-01 -4.318851168746856012e-02 1.879679999999999962e-01 3.946893782952779484e-01 -9.186013654037294973e-01 1.979459874032653277e-02 -5.324449999999999461e-01 -4.749553174644049330e-02 1.117204185459437851e-03 9.988708256420999465e-01 7.723799999999999777e+00
-9.149449702489729219e-01 -4.013945617407227995e-01 -4.192978918476900074e-02 1.699529999999999930e-01 4.009126710714233099e-01 -9.159044332917962716e-01 1.970023479073576556e-02 -5.250540000000000207e-01 -4.631124691133706173e-02 1.214446954980097707e-03 9.989263203700814442e-01 7.721370000000000289e+00
-9.122711561649985423e-01 -4.074933798284010034e-01 -4.135798623486489772e-02 1.476959999999999940e-01 4.070119557237197871e-01 -9.132072797347885462e-01 1.984268473115820969e-02 -5.163140000000000507e-01 -4.585417677081887050e-02 1.268714078864217887e-03 9.989473383703749709e-01 7.718320000000000292e+00
-9.087552591602027219e-01 -4.154287296875454616e-01 -3.978504114444629536e-02 1.263330000000000009e-01 4.149955656652846714e-01 -9.096254317363726694e-01 1.898036924215003654e-02 -5.080890000000000128e-01 -4.407447591093326122e-02 7.378947148502824904e-04 9.990279756265920685e-01 7.715489999999999959e+00
-9.060343865926016038e-01 -4.213711629981385931e-01 -3.934505439524266929e-02 1.103660000000000058e-01 4.209446546799910926e-01 -9.068880628201202443e-01 1.896415594517548986e-02 -4.993719999999999826e-01 -4.367250860795052897e-02 6.200870632626209050e-04 9.990457084057379200e-01 7.710869999999999891e+00
-9.031544668849867952e-01 -4.273910024323286372e-01 -4.060714205141675165e-02 9.101470000000000393e-02 4.269533200915719418e-01 -9.040668751579780116e-01 1.933772750020258668e-02 -4.889930000000000110e-01 -4.497634276459527153e-02 1.276008529301486671e-04 9.989880441274275880e-01 7.705420000000000158e+00
-8.991487548029413190e-01 -4.355784942316278663e-01 -4.246047690768950389e-02 7.209329999999999905e-02 4.351302982365203853e-01 -9.001504775690321036e-01 1.976717705796512611e-02 -4.793799999999999728e-01 -4.683097578438398523e-02 -7.022073424692056032e-04 9.989025811418906775e-01 7.700730000000000075e+00
-8.961775423339928270e-01 -4.415629800994130272e-01 -4.345051463365931510e-02 5.472400000000000181e-02 4.410869517867432310e-01 -8.972299162741168566e-01 2.051288147044095719e-02 -4.711540000000000172e-01 -4.804283067933937112e-02 -7.822713509577881863e-04 9.988449701889926535e-01 7.697149999999999714e+00
-8.932142267496152588e-01 -4.474935923987670150e-01 -4.379303476732936823e-02 3.306180000000000230e-02 4.470130296390453783e-01 -8.942865401767772227e-01 2.075898339444805923e-02 -4.613550000000000151e-01 -4.845303359964422268e-02 -1.033837847651920133e-03 9.988249269588220791e-01 7.693410000000000082e+00
-8.894413538172307732e-01 -4.551264811706354219e-01 -4.188035645749672159e-02 1.202179999999999915e-02 4.546819396734895213e-01 -8.904260871044080705e-01 2.014242137098582255e-02 -4.522059999999999969e-01 -4.645871128781962206e-02 -1.126739174945011468e-03 9.989195756437585505e-01 7.690129999999999910e+00
-8.864314753690892834e-01 -4.609984178926136988e-01 -4.146924372937724201e-02 -6.225910000000000298e-03 4.605466181040304696e-01 -8.874004050724774162e-01 2.042874519257621702e-02 -4.409339999999999926e-01 -4.621744289680763951e-02 -9.898372139019381843e-04 9.989309126232754910e-01 7.684400000000000119e+00
-8.832628189911220229e-01 -4.670029619733650494e-01 -4.189303159190372466e-02 -2.153980000000000131e-02 4.665411095191964175e-01 -8.842549704241595698e-01 2.079760584216057764e-02 -4.314490000000000269e-01 -4.675666494152076053e-02 -1.175069475596531715e-03 9.989056179115591849e-01 7.679369999999999585e+00
-8.790677409239764373e-01 -4.747726095172263849e-01 -4.278873822654737785e-02 -3.969960000000000155e-02 4.743146276905970127e-01 -8.801064635859934260e-01 2.093434290553722321e-02 -4.208359999999999879e-01 -4.759769769166376924e-02 -1.892618915576760666e-03 9.988647942379855760e-01 7.673840000000000217e+00
-8.758054294593029532e-01 -4.806092881546384366e-01 -4.449226752029405291e-02 -5.654109999999999692e-02 4.801267863735120267e-01 -8.769315830678729995e-01 2.166258582712818695e-02 -4.116409999999999791e-01 -4.942791454481561958e-02 -2.389719139462360281e-03 9.987748347381328884e-01 7.669660000000000366e+00
-8.723749899670899532e-01 -4.866987112166684115e-01 -4.567539140448773072e-02 -7.753419999999999757e-02 4.862212205575415780e-01 -8.735640377570953463e-01 2.178982829335943811e-02 -4.006810000000000094e-01 -5.050546068945058198e-02 -3.199443319329416807e-03 9.987186600855079144e-01 7.665479999999999627e+00
-8.680673487983341374e-01 -4.945202687993287549e-01 -4.368960627965156468e-02 -9.788470000000000504e-02 4.941062832923642789e-01 -8.691580939018515028e-01 2.057154869974506597e-02 -3.903289999999999815e-01 -4.814622270996072456e-02 -3.729819236881856681e-03 9.988333342891710931e-01 7.661909999999999776e+00
