# name: debug
# type: sparse matrix
# nnz: 288
# rows: 24
# columns: 24

1 1 0.790347661
2 1 0.000000000
3 1 0.000000000
4 1 0.000000000
5 1 0.294463254
6 1 9.239408254
13 1 -0.671562988
14 1 0.407647169
15 1 -0.086465970
16 1 0.000000000
17 1 0.000000000
18 1 0.000000000
1 2 0.000000000
2 2 0.790347661
3 2 -0.000000000
4 2 -0.294463254
5 2 -0.000000000
6 2 -2.589734003
13 2 -0.414504791
14 2 -0.636587561
15 2 0.218154717
16 2 0.000000000
17 2 0.000000000
18 2 0.000000000
1 3 -0.000000000
2 3 -0.000000000
3 3 0.790347661
4 3 -9.239408254
5 3 2.589734003
6 3 -0.000000000
13 3 -0.042876058
14 3 -0.230715167
15 3 -0.754706287
16 3 0.000000000
17 3 0.000000000
18 3 0.000000000
1 4 0.000000000
2 4 -0.294463254
3 4 -9.239408254
4 4 108.881421229
5 4 -30.272471787
6 4 0.967511622
13 4 0.655668204
14 4 2.934307747
15 4 8.741470742
16 4 -0.647285054
17 4 0.389445923
18 4 -0.085049106
1 5 0.294463254
2 5 -0.000000000
3 5 2.589734003
4 5 -30.272471787
5 5 9.385666325
6 5 3.442163273
13 5 -0.390699211
14 5 -0.604106047
15 5 -2.505162834
16 5 -0.416370417
17 5 -0.635188895
18 5 0.218045839
1 6 9.239408254
2 6 -2.589734003
3 6 -0.000000000
4 6 0.967511622
5 6 3.442163273
6 6 117.287439589
13 6 -6.492569937
14 6 6.851429232
15 6 -1.725641960
16 6 -0.045002911
17 6 -0.229120659
18 6 -0.754830411
7 7 0.050531565
8 7 -0.000000000
9 7 -0.000000000
10 7 0.000000000
11 7 -0.219732783
12 7 0.171278601
19 7 -0.017022838
20 7 0.001341069
21 7 0.006316903
22 7 0.000000000
23 7 0.000000000
24 7 0.000000000
7 8 -0.000000000
8 8 0.050531565
9 8 -0.000000000
10 8 0.219732783
11 8 0.000000000
12 8 -0.052272386
19 8 -0.000870107
20 8 -0.018123553
21 8 0.001502832
22 8 0.000000000
23 8 0.000000000
24 8 0.000000000
7 9 -0.000000000
8 9 -0.000000000
9 9 0.050531565
10 9 -0.171278601
11 9 0.052272386
12 9 -0.000000000
19 9 -0.006398800
20 9 -0.001103234
21 9 -0.017009320
22 9 0.000000000
23 9 0.000000000
24 9 0.000000000
7 10 -0.000000000
8 10 0.219732783
9 10 -0.171278601
10 10 4.313461686
11 10 -0.491795644
12 10 -0.630556133
19 10 0.049695639
20 10 -0.208352304
21 10 0.178153069
22 10 -0.016765780
23 10 0.001459414
24 10 0.006218103
7 11 -0.219732783
8 11 0.000000000
9 11 0.052272386
10 11 -0.491795644
11 11 2.852235441
12 11 -2.067907793
19 11 0.187075176
20 11 -0.019352673
21 11 -0.125072982
22 11 -0.000736463
23 11 -0.018062025
24 11 0.001451466
7 12 0.171278601
8 12 -0.052272386
9 12 0.000000000
10 12 -0.630556133
11 12 -2.067907793
12 12 1.809390016
19 12 -0.157644588
20 12 0.064650211
21 12 0.055111665
22 12 -0.006393762
23 12 -0.001100914
24 12 -0.017011257
1 13 -0.671562988
2 13 -0.414504791
3 13 -0.042876058
4 13 0.655668204
5 13 -0.390699211
6 13 -6.492569937
13 13 0.790347661
14 13 -0.000000000
15 13 0.000000000
16 13 0.000000000
17 13 0.000000000
18 13 0.000000000
1 14 0.407647169
2 14 -0.636587561
3 14 -0.230715167
4 14 2.934307747
5 14 -0.604106047
6 14 6.851429232
13 14 -0.000000000
14 14 0.790347661
15 14 -0.000000000
16 14 0.000000000
17 14 0.000000000
18 14 0.000000000
1 15 -0.086465970
2 15 0.218154717
3 15 -0.754706287
4 15 8.741470742
5 15 -2.505162834
6 15 -1.725641960
13 15 0.000000000
14 15 -0.000000000
15 15 0.790347661
16 15 0.000000000
17 15 0.000000000
18 15 0.000000000
1 16 0.000000000
2 16 0.000000000
3 16 0.000000000
4 16 -0.647285054
5 16 -0.416370417
6 16 -0.045002911
13 16 0.000000000
14 16 0.000000000
15 16 0.000000000
16 16 0.770812384
17 16 0.014645659
18 16 -0.001140082
1 17 0.000000000
2 17 0.000000000
3 17 0.000000000
4 17 0.389445923
5 17 -0.635188895
6 17 -0.229120659
13 17 0.000000000
14 17 0.000000000
15 17 0.000000000
16 17 0.014645659
17 17 0.779367763
18 17 0.000854723
1 18 0.000000000
2 18 0.000000000
3 18 0.000000000
4 18 -0.085049106
5 18 0.218045839
6 18 -0.754830411
13 18 0.000000000
14 18 0.000000000
15 18 0.000000000
16 18 -0.001140082
17 18 0.000854723
18 18 0.790281125
7 19 -0.017022838
8 19 -0.000870107
9 19 -0.006398800
10 19 0.049695639
11 19 0.187075176
12 19 -0.157644588
19 19 0.018206558
20 19 -0.000000000
21 19 0.000000000
22 19 0.000000000
23 19 0.000000000
24 19 0.000000000
7 20 0.001341069
8 20 -0.018123553
9 20 -0.001103234
10 20 -0.208352304
11 20 -0.019352673
12 20 0.064650211
19 20 -0.000000000
20 20 0.018206558
21 20 0.000000000
22 20 0.000000000
23 20 0.000000000
24 20 0.000000000
7 21 0.006316903
8 21 0.001502832
9 21 -0.017009320
10 21 0.178153069
11 21 -0.125072982
12 21 0.055111665
19 21 0.000000000
20 21 0.000000000
21 21 0.018206558
22 21 0.000000000
23 21 0.000000000
24 21 0.000000000
7 22 0.000000000
8 22 0.000000000
9 22 0.000000000
10 22 -0.016765780
11 22 -0.000736463
12 22 -0.006393762
19 22 0.000000000
20 22 0.000000000
21 22 0.000000000
22 22 0.017958055
23 22 -0.000114406
24 22 0.000095512
7 23 0.000000000
8 23 0.000000000
9 23 0.000000000
10 23 0.001459414
11 23 -0.018062025
12 23 -0.001100914
19 23 0.000000000
20 23 0.000000000
21 23 0.000000000
22 23 -0.000114406
23 23 0.018153888
24 23 0.000043972
7 24 0.000000000
8 24 0.000000000
9 24 0.000000000
10 24 0.006218103
11 24 0.001451466
12 24 -0.017011257
19 24 0.000000000
20 24 0.000000000
21 24 0.000000000
22 24 0.000095512
23 24 0.000043972
24 24 0.018169848
