1.049160758270772931e-14 -9.301247296748941622e-15 1.000000000000000000e+00 5.000000000000000000e+01 2.098924543133391889e-13 1.000000000000000000e+00 9.301247296746745433e-15 5.000000000000000711e+01 -1.000000000000000000e+00 2.098924543133390879e-13 1.049160758270772931e-14 5.000000000000001421e+01
-2.021875754639745892e-04 2.343069347892066424e-04 9.999999521102213018e-01 5.049999643503744551e+01 -4.477427455710928164e-07 9.999999725500073877e-01 -2.343070301064149787e-04 4.999997898929402140e+01 -9.999999795599917585e-01 -4.951166944601399821e-07 -2.021874650045552002e-04 4.999998187667367233e+01
-4.412608326374578560e-04 5.052956011081708408e-04 9.999997749825912940e-01 5.099999201809001903e+01 -3.791012731741501447e-07 9.999998723379883714e-01 -5.052958175840168787e-04 4.999983640314543010e+01 -9.999999026443622263e-01 -6.020684410650359308e-07 -4.412605847468609177e-04 4.999985834593206135e+01
-7.079705508519218426e-04 8.124047236123389630e-04 9.999994193879634397e-01 5.149998665113182739e+01 -6.939486371355485343e-07 9.999996699984228243e-01 -8.124054185050621872e-04 4.999955351684575078e+01 -9.999997493885773858e-01 -1.269107345874733589e-06 -7.079697534533302417e-04 4.999961146347541785e+01
-8.103170163262229941e-04 1.070832567265856110e-03 9.999990983515666398e-01 5.199998301621936037e+01 -1.518420119032406687e-05 9.999994265298102203e-01 -1.070845222717821789e-03 4.999912039873384373e+01 -9.999996715778328715e-01 -1.605191160533266971e-05 -8.103002918963819745e-04 4.999924700948286471e+01
-8.623127059878554768e-04 2.161514724222503812e-03 9.999972921317810126e-01 5.250009060989042808e+01 4.819663494461784090e-03 9.999860582789146246e-01 -2.157334373694425132e-03 4.999900831593044614e+01 -9.999880135584615637e-01 4.817790146606678800e-03 -8.727184574736646105e-04 4.999938083916372733e+01
-7.440712309791375212e-04 3.258135171112015293e-03 9.999944154410114194e-01 5.300020574010056151e+01 9.622122401645689244e-03 9.999484221161305531e-01 -3.250825733362573949e-03 4.999837324534500738e+01 -9.999534294748386731e-01 9.619649820430418996e-03 -7.753830287770546725e-04 4.999953602915720552e+01
-6.661128070186705941e-04 4.473680477620323344e-03 9.999897711860419314e-01 5.350032448464509827e+01 1.440405004938745057e-02 9.998862932425571781e-01 -4.463622725274979386e-03 4.999720060576859026e+01 -9.998960344135299216e-01 1.440092943677624693e-02 -7.304761829958206221e-04 4.999977279289221599e+01
-6.523967015963916261e-04 5.837642805075701942e-03 9.999827480036964644e-01 5.400044600295107244e+01 1.916285819188505782e-02 9.997994124164550911e-01 -5.824070537777678927e-03 4.999542818210468909e+01 -9.998161627241588523e-01 1.915872798991765519e-02 -7.641317601670416515e-04 5.000006577429360988e+01
-7.261461121272350105e-04 7.384397588686537894e-03 9.999724713131237230e-01 5.450056901130389519e+01 2.389479302111323367e-02 9.996873493838369651e-01 -7.364940488318641107e-03 4.999297842711743556e+01 -9.997142149526043742e-01 2.388878720593654026e-02 -9.023677340653235568e-04 5.000037676349794680e+01
-9.190615894732467872e-04 9.159324057517209683e-03 9.999576301567003611e-01 5.500069123781578639e+01 2.859531910944199118e-02 9.995493802501538294e-01 -9.129302632891425628e-03 4.998975505257529051e+01 -9.995906477407761059e-01 2.858571713886365329e-02 -1.180561236421129312e-03 5.000065341412600617e+01
-1.275522594443467828e-03 1.122358056662338573e-02 9.999362001054744598e-01 5.550080867356435022e+01 3.325897903384605891e-02 9.993842907369310247e-01 -1.117496048617827066e-02 4.998563644440316978e+01 -9.994459531939369201e-01 3.324260319989954388e-02 -1.648022074116683999e-03 5.000082350016052146e+01
-1.858724653370225077e-03 1.366120330577807671e-02 9.999049538165621920e-01 5.600091420898996120e+01 3.787923312981507362e-02 9.991900317462040215e-01 -1.358102192462371655e-02 4.998046590490141483e+01 -9.992805956487699204e-01 3.785038947300527201e-02 -2.374695050261999008e-03 5.000078609113828065e+01
-2.760352564040779999e-03 1.659012906517067995e-02 9.998585640335955205e-01 5.650099505758637974e+01 4.244835471673802374e-02 9.989630967744422829e-01 -1.645808204678837761e-02 4.997403688069105243e+01 -9.990948491687687838e-01 4.239692088368932077e-02 -3.461714028918205788e-03 5.000039784665692366e+01
-4.116187769677537300e-03 2.017971664553468505e-02 9.997878955230208309e-01 5.700102771574186988e+01 4.695753121972191801e-02 9.986973584944258686e-01 -1.996437822736274806e-02 4.996606991599333725e+01 -9.988884058091742624e-01 4.686539418763363551e-02 -5.058415527031845382e-03 4.999945111166274359e+01
-6.131837588282507134e-03 2.467922919989911854e-02 9.996766158182804896e-01 5.750096770901782151e+01 5.139754696731177463e-02 9.983818136883561012e-01 -2.433200078274897621e-02 4.995617548937574526e+01 -9.986594478267024622e-01 5.123172593664557933e-02 -7.390366974550643953e-03 4.999763777251845909e+01
-9.125823536281607584e-03 3.046499357061328156e-02 9.994941738257043795e-01 5.800072781965161539e+01 5.576095250616514704e-02 9.979960398976637226e-01 -2.991020769212289487e-02 4.994379196107450269e+01 -9.984024416638763721e-01 5.545979187955202283e-02 -1.080629280960548888e-02 4.999448758246045799e+01
-1.359811569043567481e-02 3.811739667029373502e-02 9.991807420685954177e-01 5.850013017102056523e+01 6.004691040015880388e-02 9.975007971488407676e-01 -3.723611471169423204e-02 4.992807871665760189e+01 -9.981029304641204636e-01 5.949137549684517523e-02 -1.585296314348005886e-02 4.998926071080585132e+01
-2.018271304351232365e-02 4.846557235231815225e-02 9.986209222676870612e-01 5.899882045578015521e+01 6.423075375732807679e-02 9.968238878910709033e-01 -4.708021666789027893e-02 4.990774595688944970e+01 -9.977309599115230521e-01 6.319196805205724854e-02 -2.323159072769359623e-02 4.998081423101064047e+01
-2.544130404106093035e-02 -9.982513848062279926e-01 5.335646897179963100e-02 5.949813091691399336e+01 5.950666846162028234e-02 5.176684182039226201e-02 9.968847227721675530e-01 4.988420584855551709e+01 -9.979036508888468049e-01 2.853711303532308063e-02 5.808559823501946440e-02 4.996919843564681685e+01
-3.063448923807343682e-02 -9.980560537976355118e-01 5.427376481334322822e-02 5.952445649411234285e+01 5.960910191880386400e-02 5.237834748180594802e-02 9.968466600653829168e-01 5.038271848288965771e+01 -9.977516138987480021e-01 3.377309865805816491e-02 5.788864110926289497e-02 4.999868846959003577e+01
-3.581836501196439260e-02 -9.978350647398724904e-01 5.515639857209592156e-02 5.955122356010794249e+01 5.988577154051777374e-02 5.294951450098434043e-02 9.967999013247879070e-01 5.088121696452919451e+01 -9.975623985971335816e-01 3.900682619342760171e-02 5.785955768452727410e-02 5.002811940331910989e+01
-4.100515678862803881e-02 -9.975830280683462004e-01 5.609526920097057667e-02 5.957842190046261521e+01 6.014053329304935858e-02 5.357643995271021975e-02 9.967510628723812438e-01 5.137969506856475022e+01 -9.973473283525493560e-01 4.424553301727712773e-02 5.779826499168794207e-02 5.005755910264018382e+01
-4.619536572090759963e-02 -9.972990726520081228e-01 5.710120728458151218e-02 5.960607974295764677e+01 6.035871875308457257e-02 5.427107921365301180e-02 9.967002934841906470e-01 5.187815198176883769e+01 -9.971072225475041684e-01 4.948949028258969873e-02 5.768862188657153389e-02 5.008699216669008791e+01
-5.138906612469884561e-02 -9.969823453005961511e-01 5.818390706848736160e-02 5.963423063454454365e+01 6.052996035832514110e-02 5.504437234363102061e-02 9.966475008609190223e-01 5.237658705910308754e+01 -9.968426594913819550e-01 5.473865391310567263e-02 5.751862294883569593e-02 5.011639569276528050e+01
-5.658634289589692390e-02 -9.966318082224151498e-01 5.935507254638827668e-02 5.966291320597194670e+01 6.064106408832026229e-02 5.590968331946111203e-02 9.965925790699796671e-01 5.287499960451025061e+01 -9.965543874490263576e-01 5.999288416501252774e-02 5.727308884335791106e-02 5.014574062141782207e+01
-6.178732400057423968e-02 -9.962461713627737137e-01 6.062914017090637042e-02 5.969217232103747506e+01 6.067467714887714303e-02 5.688369092926087722e-02 9.965354129478511958e-01 5.337338882037487764e+01 -9.962433990475058065e-01 6.525190994353874396e-02 5.693222376644641036e-02 5.017498993384391781e+01
-6.699221081107403775e-02 -9.958238040118703172e-01 6.202414895806923623e-02 5.972206065156193233e+01 6.060769533122206676e-02 5.798749137744502180e-02 9.964758693066221307e-01 5.387175372556597353e+01 -9.959110155818551302e-01 7.051526222796644650e-02 5.646987547036691479e-02 5.020409602066815324e+01
-7.220133081430307742e-02 -9.953626065123237776e-01 6.356295608006740094e-02 5.975264080383409748e+01 6.040895549541908105e-02 5.924815514886408452e-02 9.964137766045833011e-01 5.437009300167968462e+01 -9.955590017294786431e-01 7.578217249755464513e-02 5.585101974856704343e-02 5.023299696373926793e+01
-7.741523164577207572e-02 -9.948598192551161290e-01 6.527497178022345636e-02 5.978398824313804027e+01 6.003581630667115254e-02 6.070097243498989714e-02 9.963488810180087807e-01 5.486840470254028901e+01 -9.951897219473395673e-01 8.105141563923567993e-02 5.502804151750989581e-02 5.026161118675679518e+01
-8.263485093961392414e-02 -9.943117310087570271e-01 6.719868293766584344e-02 5.981619540251492850e+01 5.942899401490858713e-02 6.239275514945166745e-02 9.962807529884518676e-01 5.536668569954748875e+01 -9.948063510455509295e-01 8.632106164331937448e-02 5.393512988958609755e-02 5.028982959343224479e+01
-8.786182792905433692e-02 -9.937132211040989871e-01 6.938539756952583071e-02 5.984937759266589552e+01 5.850460387566414067e-02 6.438679308234879217e-02 9.962085887011427054e-01 5.586493060519869402e+01 -9.944131488060266033e-01 9.158807280146646912e-02 5.247965703200069276e-02 5.031750373556344158e+01
-9.309908603355787626e-02 -9.930570191198346830e-01 7.190491608050697536e-02 5.988368172459331618e+01 5.714163373319630645e-02 6.677045258434521902e-02 9.961307847647231650e-01 5.636312963759123562e+01 -9.940157915616922857e-01 9.684763000977508751e-02 5.052863235307580858e-02 5.034442753072497112e+01
-9.835194643122330271e-02 -9.923324689535594212e-01 7.485429642794377836e-02 5.991929954803139680e+01 5.516180206837917321e-02 6.966707760976989516e-02 9.960440120245104278e-01 5.686126426734164596e+01 -9.936216937173616426e-01 1.020919651973014042e-01 4.788695455334635032e-02 5.037030818101424501e+01
-1.036303093181471513e-01 -9.915233953453292948e-01 7.837164967955595474e-02 5.995648834313701769e+01 5.229650939060315196e-02 7.325500137142607060e-02 9.959411528195986074e-01 5.735929805454936314e+01 -9.932400687125866323e-01 1.073082534427910462e-01 4.426177410445752969e-02 5.039471843791118033e+01
-1.089530232191908143e-01 -9.906043001361253264e-01 8.265808661719425965e-02 5.999560421232407492e+01 4.813184303098000383e-02 7.779832651234239171e-02 9.958065806562637068e-01 5.785715665885894055e+01 -9.928809417134762949e-01 1.124746235543649386e-01 3.920324780505229922e-02 5.041701567290989061e+01
-1.143562402410274181e-01 -9.895335826437950955e-01 8.801101714031428491e-02 6.003715660351464578e+01 4.202122732078283907e-02 8.369480745847360237e-02 9.956050399927397487e-01 5.835468308960669503e+01 -9.925506872560172500e-01 1.175519800965739714e-01 3.201039210917577815e-02 5.043620185403159439e+01
-1.198842291008908323e-01 -9.882504314137435797e-01 9.480957980834558985e-02 6.008188094739018936e+01 3.313569190780218943e-02 9.146210151227426866e-02 9.952571074394545025e-01 5.885156423173463480e+01 -9.922347492074022890e-01 1.224572121089990140e-01 2.178149829133199655e-02 5.045074447845724563e+01
-1.040865209681688525e-01 -9.872559426224105650e-01 -1.203814766044950524e-01 6.012928573729436721e+01 -9.944459802648542013e-01 1.014106998560114631e-01 2.816136164654284291e-02 5.934919278545435617e+01 -1.559450184572635373e-02 1.226440936672027471e-01 -9.923281905704049999e-01 5.046163522760294029e+01
-1.093983649535141683e-01 -9.867214410054939711e-01 -1.200533031846239274e-01 6.006874666569962784e+01 -9.938934434086331704e-01 1.068344428144120256e-01 2.760842222699749077e-02 5.936369444697623976e+01 -1.441599440995208758e-02 1.223405071453262938e-01 -9.923834840506953192e-01 4.996552966721124989e+01
-1.147622334535083471e-01 -9.861449543590784517e-01 -1.197821304072258508e-01 6.000835363599063754e+01 -9.933023585501737918e-01 1.122857676346479122e-01 2.724574985865040044e-02 5.937795758691902392e+01 -1.341843028914880415e-02 1.221066557515562284e-01 -9.924262745160199461e-01 4.946939930555397780e+01
-1.201425517969979956e-01 -9.855386621321140517e-01 -1.194960781387760240e-01 5.994808326453699721e+01 -9.926790578791342412e-01 1.177548195978050521e-01 2.687174184311447167e-02 5.939206204957923063e+01 -1.241190138134579818e-02 1.218496939033135162e-01 -9.924709551416448505e-01 4.897324966879470054e+01
-1.255393839761222707e-01 -9.849028214544061077e-01 -1.191901647034937367e-01 5.988794223958007734e+01 -9.920232736312152300e-01 1.232427984024414974e-01 2.647710739378830030e-02 5.940600347180912877e+01 -1.138804833598693056e-02 1.215633371254893902e-01 -9.925183461387562245e-01 4.847707993799100024e+01
-1.309543408537660603e-01 -9.842372626565393245e-01 -1.188611433981625470e-01 5.982793944320489743e+01 -9.913344236986055824e-01 1.287515704843594233e-01 2.605942224925968803e-02 5.941977375495306291e+01 -1.034509553894220890e-02 1.212437375544564988e-01 -9.925688566049797323e-01 4.798088892595507815e+01
-1.363893423953528861e-01 -9.835418081815326952e-01 -1.185051004807996106e-01 5.976808528297323164e+01 -9.906118330737451183e-01 1.342833061904959435e-01 2.561620293533485582e-02 5.943336394378363252e+01 -9.281349860765633619e-03 1.208863318888894617e-01 -9.926229653333694669e-01 4.748467525355528807e+01
-1.418466207639759169e-01 -9.828162994638484085e-01 -1.181171354462517142e-01 5.970839203944848350e+01 -9.898547261620281867e-01 1.398405182830515514e-01 2.514459267961673128e-02 5.944676424269879789e+01 -8.194954089993440605e-03 1.204854802642829209e-01 -9.926812639376992875e-01 4.698843731039174543e+01
-1.473287820862524133e-01 -9.820606159196797469e-01 -1.176910218684531773e-01 5.964887437973197137e+01 -9.890622066394344492e-01 1.454261280842629456e-01 2.464127975475616239e-02 5.945996391715574703e+01 -7.083880752395507741e-03 1.200341115261771008e-01 -9.927444941693743807e-01 4.649217319089329692e+01
-1.528388861812272626e-01 -9.812747042726652769e-01 -1.172187255752063090e-01 5.958955006492440987e+01 -9.882332318286159989e-01 1.510435475284910845e-01 2.410241190374615150e-02 5.947295118231635058e+01 -5.945954965458646879e-03 1.195232257956674593e-01 -9.928135998841610688e-01 4.599588060444177273e+01
-1.583805473371467376e-01 -9.804586254442742010e-01 -1.166896997044314377e-01 5.953044094353160887e+01 -9.873665804435372007e-01 1.566967798935123279e-01 2.352349876698664466e-02 5.948571308740783792e+01 -4.778917076294464383e-03 1.189411743801477295e-01 -9.928898020367866728e-01 4.549955674592060717e+01
-1.639580621600089660e-01 -9.796126303680950942e-01 -1.160898284779363354e-01 5.947157438035597465e+01 -9.864608119143786213e-01 1.623905425268936664e-01 2.289930686824637185e-02 5.949823540748018047e+01 -3.580560006422893460e-03 1.182725924342711010e-01 -9.929747093803129587e-01 4.500319810318820402e+01
-1.695765719949612060e-01 -9.787372843825754565e-01 -1.153998023822378760e-01 5.941298536893454241e+01 -9.855142152153706370e-01 1.681304136858819132e-01 2.222376210830217386e-02 5.951050256786188442e+01 -2.349008060849380741e-03 1.174967750758973972e-01 -9.930704859212634572e-01 4.450680015987686744e+01
-1.752422683330195352e-01 -9.778336751836722573e-01 -1.145925436766747491e-01 5.935471975422947111e+01 -9.845247452058700777e-01 1.739230012540870507e-01 2.148989790779622794e-02 5.952249765518305225e+01 -1.083266732914964225e-03 1.165851333213779595e-01 -9.931801111689771977e-01 4.401035691628872115e+01
-1.809626481833762623e-01 -9.769037684607363436e-01 -1.136289889494393468e-01 5.929683933082667835e+01 -9.834899457731273165e-01 1.797761189220382638e-01 2.068994027300267990e-02 5.953420262975745914e+01 2.156980084414977794e-04 1.154970745626978240e-01 -9.933077968292748361e-01 4.351386007696635971e+01
-1.867468158763833097e-01 -9.759510329906559978e-01 -1.124509135778996582e-01 5.923943025649479210e+01 -9.824068640132339603e-01 1.856989229998212698e-01 1.981573961249364496e-02 5.954559898760189895e+01 1.542821997474914941e-03 1.141730756403562808e-01 -9.934596763327167013e-01 4.301729758892638955e+01
-1.926057454215499287e-01 -9.749815874891296641e-01 -1.109681525834582960e-01 5.918261765281111764e+01 -9.812719831989755725e-01 1.917018508031640700e-01 1.885988831862418780e-02 5.955666938842741587e+01 2.884756377696966190e-03 1.125224620056724384e-01 -9.936449938105778035e-01 4.252065082197625401e+01
-1.985507960714158193e-01 -9.740067921443035237e-01 -1.090337114665495960e-01 5.912659278631398507e+01 -9.800815332155111692e-01 1.977949725048583074e-01 1.781395805921603959e-02 5.956740015144303868e+01 4.215403816978657847e-03 1.103989026601537304e-01 -9.938784194568739405e-01 4.202388866568504255e+01
-2.045423476175040334e-01 -9.730613479908668539e-01 -1.063674812962943084e-01 5.907167675220517111e+01 -9.788416721910823126e-01 2.039499550740466460e-01 1.653470917375161886e-02 5.957774297585981316e+01 5.604356634471015230e-03 1.074989714903901994e-01 -9.941893996192184835e-01 4.152695428975290071e+01
-1.991619079215680710e-01 1.024979518499536391e-01 -9.745915576792185675e-01 5.901849301155701966e+01 -9.799149082068900896e-01 -1.061533552911528289e-02 1.991333405672865986e-01 5.958601033044669748e+01 1.006514316457812752e-02 9.946765728206174995e-01 1.025534415556477730e-01 4.102985958994331384e+01
-1.982934394141964984e-01 1.037491270548202005e-01 -9.746362554926075727e-01 5.853135504455357818e+01 -9.800385847567084641e-01 -6.493990010139699676e-03 1.987012845499911418e-01 5.968593369491221523e+01 1.428580671004398006e-02 9.945822976149893968e-01 1.029658632631818282e-01 4.108157886919991597e+01
-1.975952110084180646e-01 1.051026756312383181e-01 -9.746330387185189181e-01 5.804420773310578596e+01 -9.801096245407374674e-01 -2.445673711843593390e-03 1.984417863321892850e-01 5.978567266276043313e+01 1.847312829906749831e-02 9.944583682866017238e-01 1.034953973643094327e-01 4.113353186504976122e+01
-1.968640592172848369e-01 1.064686007284935121e-01 -9.746327407015477062e-01 5.755706968154307646e+01 -9.801698981804419786e-01 1.559148649736552539e-03 1.981528191987949050e-01 5.988529857585776028e+01 2.261665071215568368e-02 9.943148425495844656e-01 1.040503772033513630e-01 4.118577147649944692e+01
-1.960855711632599474e-01 1.078444362108943455e-01 -9.746384080057242105e-01 5.706993976711424921e+01 -9.802229154967943003e-01 5.517319189826730419e-03 1.978196024764036220e-01 5.998479686804524391e+01 2.671113469216307434e-02 9.941524715893996778e-01 1.046297209981236487e-01 4.123831243998986906e+01
-1.952503442479990858e-01 1.092307661580919076e-01 -9.746517033256310025e-01 5.658281558247249166e+01 -9.802712370585623392e-01 9.423892944650014147e-03 1.974322467010988236e-01 6.008414607763292992e+01 3.075068888193593919e-02 9.939717450542967514e-01 1.052357599250481335e-01 4.129116959675394583e+01
-1.943466904682316365e-01 1.106283315760016595e-01 -9.746746822179980230e-01 5.609569389863096234e+01 -9.803179617484407693e-01 1.327308785781000644e-02 1.969784734738829757e-01 6.018331966030971358e+01 3.472834256666590402e-02 9.937732122528907253e-01 1.058713598247571219e-01 4.134435944123953988e+01
-1.933595231277931425e-01 1.120379271791932529e-01 -9.747100069708848347e-01 5.560857042134316686e+01 -9.803669584664206349e-01 1.705814760420840126e-02 1.964424759251739983e-01 6.028228464683586907e+01 3.863575498281346388e-02 9.935575083877645763e-01 1.065399266153548297e-01 4.139790050160880952e+01
-1.922691092219295517e-01 1.134603967229252386e-01 -9.747611646010947428e-01 5.512143941680018600e+01 -9.804231215458629745e-01 2.077111591566510596e-02 1.958036350068204090e-01 6.038099967538082780e+01 4.246283524768279527e-02 9.933253742450631751e-01 1.072455523722720405e-01 4.145181377423923408e+01
-1.910492809944110693e-01 1.148966298646586504e-01 -9.748327736987829617e-01 5.463429317386859907e+01 -9.804927274398266279e-01 2.440254235697797425e-02 1.950346824647506416e-01 6.047941225986901514e+01 4.619722577307855405e-02 9.930776809355146284e-01 1.079932218179071313e-01 4.150612329291402602e+01
-1.896648074385697824e-01 1.163475565713139592e-01 -9.749310267394176721e-01 5.414712121597239047e+01 -9.805839438466843472e-01 2.794109721052592810e-02 1.940990060684362195e-01 6.057745493667799508e+01 4.982358768066708077e-02 9.928154617886231215e-01 1.087891030575674489e-01 4.156085689224140367e+01
-1.880674525005680553e-01 1.178141388579853621e-01 -9.750643373619496401e-01 5.365990911688522402e+01 -9.807075681869543704e-01 3.137306249664911784e-02 1.929466160636446048e-01 6.067503972162072046e+01 5.332259381141080112e-02 9.925399536717565141e-01 1.096409656765690577e-01 4.161604725509967295e+01
-1.861899338714221863e-01 1.192973612381536541e-01 -9.752443017657519420e-01 5.317263666986317361e+01 -9.808781160142767686e-01 3.468165323601082872e-02 1.915079749073134718e-01 6.077204996091452927e+01 5.666948075674033136e-02 9.922526505534920993e-01 1.105587962141902914e-01 4.167173338689499218e+01
-1.839364437111914996e-01 1.207982253846146548e-01 -9.754871467214767389e-01 5.268527496323091697e+01 -9.811154498426746251e-01 3.784610605636415381e-02 1.896843333972966228e-01 6.086832805886564302e+01 5.983192086909810969e-02 9.919553724842153919e-01 1.115557270820987656e-01 4.172796275107591413e+01
-1.811673945416654441e-01 1.223177652173182972e-01 -9.758159352394412123e-01 5.219778153255072084e+01 -9.814472483685307003e-01 4.084045216046569560e-02 1.873322079546604901e-01 6.096365649839616907e+01 6.276682105080644281e-02 9.916503525837974120e-01 1.126494757893099219e-01 4.178479446423111199e+01
-1.776742134076056689e-01 1.238571263928454069e-01 -9.762639428616093351e-01 5.171009197950757397e+01 -9.819127766314810213e-01 4.363187493819045693e-02 1.842377772804311142e-01 6.105772762548639321e+01 6.541538792856166351e-02 9.913403410187064946e-01 1.138646358228530275e-01 4.184230425271942977e+01
-1.731366098928800168e-01 1.254178433528658765e-01 -9.768797668513342636e-01 5.122210479258485094e+01 -9.825686016101564668e-01 4.617855022296515899e-02 1.800735533862964366e-01 6.115009404537914151e+01 6.769532808593931028e-02 9.910287110210387329e-01 1.152364373248147278e-01 4.190059245897546703e+01
-1.670499881216793714e-01 1.270032912347172638e-01 -9.777343532289822781e-01 5.073365264601644498e+01 -9.834966752576888016e-01 4.842647788877710302e-02 1.743248863368623280e-01 6.124008498238449505e+01 6.948806534664064838e-02 9.907194558778167348e-01 1.168176721200333557e-01 4.195979769830422867e+01
-1.586628560953167177e-01 1.286371942662191126e-01 -9.789170395631041632e-01 5.024445490811098125e+01 -9.848044169095263589e-01 5.029163003010836408e-02 1.662257873628593119e-01 6.132667669301787328e+01 7.061415248492802776e-02 9.904156825294264666e-01 1.187030634339554247e-01 4.202012473263103232e+01
-1.543798648279057772e-01 9.803321366510681090e-01 1.229461637663782636e-01 4.975499638832943816e+01 -9.858652611828720991e-01 -1.610449597331602423e-01 4.619748626681217246e-02 6.140978958669933263e+01 6.508874041295525936e-02 -1.140763901677131764e-01 9.913374970602891745e-01 4.207947626434800270e+01
-1.494863665172759259e-01 9.811507880186793873e-01 1.224620651295210971e-01 4.981696969066553748e+01 -9.866710878433335719e-01 -1.560752524982756406e-01 4.605084116118035586e-02 6.143327011341098398e+01 6.429611683076541517e-02 -1.139458061006366763e-01 9.914042377519680649e-01 4.257509855999818882e+01
-1.445696766407424394e-01 9.819357923118657849e-01 1.220725537246599018e-01 4.987873358893118336e+01 -9.874424879438917779e-01 -1.511090415697795009e-01 4.608026214162040668e-02 6.145671712131687769e+01 6.369412531127925658e-02 -1.138778175622078143e-01 9.914509070388206613e-01 4.307075117088967176e+01
-1.396514896267031514e-01 9.826998954848202850e-01 1.216485793553150341e-01 4.994032503118462074e+01 -9.881894414534244664e-01 -1.461383400427738177e-01 4.610003654566580816e-02 6.148020313630386369e+01 6.308002255081954224e-02 -1.137739029112836697e-01 9.915020977140301950e-01 4.356642510065242391e+01
-1.347334247958973386e-01 9.834442610444631416e-01 1.211787508661418544e-01 5.000172798333006341e+01 -9.889125138240073554e-01 -1.411628186351829850e-01 4.609879214527524277e-02 6.150372476237978248e+01 6.244152660730770826e-02 -1.136241349964022818e-01 9.915596864038335179e-01 4.406212259446516555e+01
-1.298165691681618106e-01 9.841698216026846247e-01 1.206541363399873112e-01 5.006292122282477663e+01 -9.896119835952372767e-01 -1.361824005966980056e-01 4.607033419046194234e-02 6.152727378433230143e+01 6.177200251010375731e-02 -1.134200864673485798e-01 9.916249813773507782e-01 4.455784681564064442e+01
-1.249022587379161608e-01 9.848777428546604540e-01 1.200635556348236821e-01 5.012387909761900318e+01 -9.902882046942815819e-01 -1.311969694419489185e-01 4.600681311094574621e-02 6.155083911249457884e+01 6.106306089235813417e-02 -1.131511680839312056e-01 9.916996096377664882e-01 4.505360160849598117e+01
-1.199922043552780759e-01 9.855695240618260744e-01 1.193925631457307124e-01 5.018457027384879865e+01 -9.909416513381892333e-01 -1.262063404647903453e-01 4.589774797992064725e-02 6.157440588345367871e+01 6.030352010541409347e-02 -1.128036917260757249e-01 9.917856686784018994e-01 4.554939167346255857e+01
-1.150886366660995863e-01 9.862471210722753012e-01 1.186221812604524167e-01 5.024495589261812256e+01 -9.915729649039076721e-01 -1.212102347781741640e-01 4.572892144687346061e-02 6.159795402814143017e+01 5.947823956719773542e-02 -1.123596687502637081e-01 9.918859026401769530e-01 4.604522282242231057e+01
-1.101945173398055644e-01 9.869131247185447542e-01 1.177270258119406665e-01 5.030498691691759916e+01 -9.921830214572098239e-01 -1.162082424017638616e-01 4.548072481760344343e-02 6.162145615712410063e+01 5.856637499699798854e-02 -1.117950296577219088e-01 9.920039571813914492e-01 4.654110232900193012e+01
-1.053138548356341575e-01 9.875710257801973979e-01 1.166724518432169233e-01 5.036460021299872380e+01 -9.927730312835311155e-01 -1.111997684496978112e-01 4.512560085852286573e-02 6.164487436367073769e+01 5.753868555822341802e-02 -1.110769127054870159e-01 9.921447571438603008e-01 4.703703941308428682e+01
-1.004521862272569899e-01 9.882256168121807960e-01 1.154100886333146031e-01 5.042371257999068490e+01 -9.933446873079181394e-01 -1.061839541886545057e-01 4.462398536657442155e-02 6.166815524458988307e+01 5.635326502784916702e-02 -1.101594215173934965e-01 9.923150766624753150e-01 4.753304591531168199e+01
-9.561732800274347355e-02 9.888836146563246832e-01 1.138706426163385438e-01 5.048221131866284139e+01 -9.939003879292473975e-01 -1.011595616555407418e-01 4.391767252201372873e-02 6.169122186950992415e+01 5.494857104336521580e-02 -1.089767853714770918e-01 9.925244152112286944e-01 4.802913723454086892e+01
-9.082057005762983470e-02 9.895546448651941773e-01 1.119519043166591898e-01 5.053993868748013796e+01 -9.944435702311980041e-01 -9.612480928337502339e-02 4.291860512718077142e-02 6.171396028303524162e+01 5.323166050608638816e-02 -1.074319592391111688e-01 9.927863639544061147e-01 4.852533360380825656e+01
-8.607860676655298970e-02 9.902528248611806028e-01 1.094980196696772601e-01 5.059666496436536676e+01 -9.949791932325053878e-01 -9.107715670394334051e-02 4.148923427972726896e-02 6.173619567719208590e+01 5.105759974305393994e-02 -1.053769157888824332e-01 9.931207515339213199e-01 4.902166170539774015e+01
-8.141667952042491718e-02 9.909993243667480911e-01 1.062622388269585105e-01 5.065203888300391810e+01 -9.955143668091257503e-01 -8.601309989261002320e-02 3.940675225757181432e-02 6.175764779046874509e+01 4.819200942577706037e-02 -1.025772184820441801e-01 9.935569658937495330e-01 4.951815623572043989e+01
-7.687355884989627297e-02 9.918263866030632148e-01 1.018374920530870226e-01 5.070548975078606446e+01 -9.960588464516779705e-01 -8.092833086744571913e-02 3.629572520782665956e-02 6.177784148040529288e+01 4.424059623359953564e-02 -9.864595329216625796e-02 9.941386953257453918e-01 5.001485942485589220e+01
-7.250826962058137815e-02 9.927824147266972599e-01 9.552815211264693851e-02 5.075601936400818914e+01 -9.966235819269890772e-01 -7.582049408258589862e-02 3.150696151789911248e-02 6.179591614318153603e+01 3.852254902841832640e-02 -9.292109387270736098e-02 9.949279790667526768e-01 5.051181033242885121e+01
-6.840135698565497080e-02 9.939213908426628441e-01 8.626426367800084372e-02 5.080179515712250549e+01 -9.972030495887082013e-01 -7.072477119605391493e-02 2.416784289601095828e-02 6.181032268256145557e+01 3.012195633589285007e-02 -8.436987356072360444e-02 9.959791123220638198e-01 5.100900323131381242e+01
-7.597788500505700537e-02 9.947326083462353363e-01 -6.880696827250643022e-02 5.084492728896151448e+01 -1.988763178031954793e-02 -7.050449198700917131e-02 -9.973131898816061103e-01 6.182240660400945131e+01 -9.969111510522535857e-01 -7.440533920592745654e-02 2.513965801919573750e-02 5.150699278747483589e+01
